      0       0 1.82868       0 1.65251
      0 2.31731       0 2.06282       0
	  0       0 2.71785       0 2.54168

2.26208 2.17294 2.10447 2.06233 1.95019
2.34094  2.2518 2.18333 2.14118 2.02905
2.50533 2.41619 2.34772 2.30557 2.19344

2.46449 2.39992 2.36033 2.12937 1.93724
2.69326 2.62869  2.5891 2.35814 2.16601
2.90896 2.84438 2.80479 2.57383  2.3817


 InN:0.620164, AlAs:2.0681, GaAs:5.33157
2.05462 1.91283 1.79889 1.71649 1.66675
2.43354 2.29175 2.17781  2.0954 2.04567
2.95103 2.80925  2.6953  2.6129 2.56316