0.147338 0.4 0.4 -0.412445 -0.240217
0.160935 0.4 0.41 -0.404254 -0.234811
0.174042 0.4 0.42 -0.396315 -0.229643
0.186652 0.4 0.43 -0.388649 -0.224699
0.198843 0.4 0.44 -0.381216 -0.219941
0.113368 0.4 0.45 -0.539363 -0.374004
0.102161 0.4 0.46 -0.535102 -0.367059
0.0899572 0.4 0.47 -0.529651 -0.360307
0.0773452 0.4 0.48 -0.523552 -0.353793
0.0696036 0.4 0.49 -0.517071 -0.347467
0.0690203 0.4 0.5 -0.510397 -0.341377
0.0681266 0.4 0.51 -0.503597 -0.335471
0.0670495 0.4 0.52 -0.496785 -0.329735
0.0657696 0.4 0.53 -0.489961 -0.324192
0.0643878 0.4 0.54 -0.483211 -0.318823
0.0629147 0.4 0.55 -0.47651 -0.313595
0.0613572 0.4 0.56 -0.46991 -0.308552
0.0597531 0.4 0.57 -0.463401 -0.303648
0.0581174 0.4 0.58 -0.457019 -0.298902
0.0564387 0.4 0.59 -0.450739 -0.2943
0.0656033 0.4 0.6 -0.44459 -0.289807
0.0760041 0.4 0.61 -0.438549 -0.285447
0.0861124 0.4 0.62 -0.432654 -0.281234
0.0960301 0.4 0.63 -0.426859 -0.277111
0.10568 0.4 0.64 -0.421203 -0.273117
0.115123 0.4 0.65 -0.415666 -0.269211
0.124295 0.4 0.66 -0.410253 -0.265453
0.133265 0.4 0.67 -0.404955 -0.26178
0.142043 0.4 0.68 -0.399772 -0.258184
0.150577 0.4 0.69 -0.394712 -0.254711
0.128146 0.4 0.7 -0.538388 -0.389758
0.119559 0.4 0.71 -0.534628 -0.384931
0.110497 0.4 0.72 -0.530302 -0.380196
0.101233 0.4 0.73 -0.525654 -0.375579
0.0918603 0.4 0.74 -0.520832 -0.371029
0.082491 0.4 0.75 -0.515891 -0.3666
0.073177 0.4 0.76 -0.510917 -0.36226
0.0639749 0.4 0.77 -0.50593 -0.358045
0.0548008 0.4 0.78 -0.500912 -0.353888
0.0461223 0.4 0.79 -0.495961 -0.349838
0.0451601 0.4 0.8 -0.491024 -0.345864
0.146132 0.41 0.4 -0.413058 -0.24081
0.159733 0.41 0.41 -0.404869 -0.235398
0.172847 0.41 0.42 -0.396934 -0.230219
0.185484 0.41 0.43 -0.389259 -0.225257
0.197698 0.41 0.44 -0.381811 -0.22049
0.11402 0.41 0.45 -0.539389 -0.37463
0.102836 0.41 0.46 -0.53518 -0.367656
0.0907129 0.41 0.47 -0.529784 -0.360929
0.0781196 0.41 0.48 -0.523734 -0.354386
0.0692188 0.41 0.49 -0.517303 -0.348085
0.0686881 0.41 0.5 -0.510657 -0.341969
0.0678359 0.41 0.51 -0.503887 -0.336051
0.0667845 0.41 0.52 -0.497084 -0.330299
0.0655244 0.41 0.53 -0.490297 -0.324772
0.064177 0.41 0.54 -0.483561 -0.319384
0.0627165 0.41 0.55 -0.476866 -0.314149
0.0611953 0.41 0.56 -0.470295 -0.3091
0.0595936 0.41 0.57 -0.4638 -0.304206
0.0579651 0.41 0.58 -0.457407 -0.299442
0.0563341 0.41 0.59 -0.451145 -0.294811
0.0646565 0.41 0.6 -0.445005 -0.290339
0.075041 0.41 0.61 -0.438981 -0.285978
0.0851637 0.41 0.62 -0.433088 -0.281748
0.0950802 0.41 0.63 -0.427301 -0.277618
0.104737 0.41 0.64 -0.421649 -0.273614
0.11415 0.41 0.65 -0.416116 -0.269733
0.123343 0.41 0.66 -0.410704 -0.265952
0.132326 0.41 0.67 -0.405404 -0.26227
0.141107 0.41 0.68 -0.400224 -0.258669
0.149648 0.41 0.69 -0.395164 -0.255188
0.128643 0.41 0.7 -0.538422 -0.390221
0.120073 0.41 0.71 -0.534702 -0.385372
0.111051 0.41 0.72 -0.530407 -0.380644
0.101804 0.41 0.73 -0.525789 -0.376016
0.0924746 0.41 0.74 -0.520989 -0.371485
0.083129 0.41 0.75 -0.516073 -0.367057
0.0738251 0.41 0.76 -0.511118 -0.362707
0.0646045 0.41 0.77 -0.50613 -0.358474
0.0554772 0.41 0.78 -0.501147 -0.354331
0.0464519 0.41 0.79 -0.496189 -0.350263
0.0449741 0.41 0.8 -0.491266 -0.346292
0.144924 0.42 0.4 -0.413674 -0.241401
0.158554 0.42 0.41 -0.405475 -0.235971
0.171694 0.42 0.42 -0.397535 -0.230771
0.184357 0.42 0.43 -0.389842 -0.225801
0.196564 0.42 0.44 -0.382419 -0.221017
0.114628 0.42 0.45 -0.539418 -0.375211
0.103513 0.42 0.46 -0.535266 -0.368247
0.0914311 0.42 0.47 -0.529919 -0.361512
0.0788903 0.42 0.48 -0.523907 -0.354984
0.068846 0.42 0.49 -0.51751 -0.348664
0.068352 0.42 0.5 -0.510899 -0.342548
0.0675515 0.42 0.51 -0.504175 -0.336624
0.0665014 0.42 0.52 -0.497391 -0.33089
0.06529 0.42 0.53 -0.49063 -0.32534
0.0639725 0.42 0.54 -0.483911 -0.319939
0.0625369 0.42 0.55 -0.47725 -0.314713
0.0610047 0.42 0.56 -0.470669 -0.309664
0.0594444 0.42 0.57 -0.464186 -0.304742
0.0578481 0.42 0.58 -0.457822 -0.299974
0.0562137 0.42 0.59 -0.451553 -0.295339
0.0637121 0.42 0.6 -0.445428 -0.290859
0.0741282 0.42 0.61 -0.43939 -0.286482
0.0842153 0.42 0.62 -0.433523 -0.282262
0.0941348 0.42 0.63 -0.427729 -0.278136
0.1038 0.42 0.64 -0.422086 -0.274114
0.113221 0.42 0.65 -0.416547 -0.270231
0.122412 0.42 0.66 -0.411149 -0.266439
0.131402 0.42 0.67 -0.40585 -0.262748
0.140149 0.42 0.68 -0.400678 -0.259173
0.148732 0.42 0.69 -0.3956 -0.255668
0.129133 0.42 0.7 -0.538469 -0.390664
0.120572 0.42 0.71 -0.534761 -0.385811
0.111589 0.42 0.72 -0.530505 -0.381083
0.102356 0.42 0.73 -0.525908 -0.376448
0.0930579 0.42 0.74 -0.521132 -0.371926
0.0837403 0.42 0.75 -0.516243 -0.367497
0.0744592 0.42 0.76 -0.511301 -0.363159
0.0652569 0.42 0.77 -0.506333 -0.358923
0.0561678 0.42 0.78 -0.50138 -0.354788
0.0471365 0.42 0.79 -0.496424 -0.350713
0.0447696 0.42 0.8 -0.491506 -0.346737
0.143783 0.43 0.4 -0.41425 -0.241967
0.157386 0.43 0.41 -0.406071 -0.236543
0.170541 0.43 0.42 -0.398137 -0.231323
0.183206 0.43 0.43 -0.390453 -0.226341
0.195424 0.43 0.44 -0.38302 -0.221557
0.115265 0.43 0.45 -0.539449 -0.375815
0.104186 0.43 0.46 -0.535346 -0.36884
0.0921327 0.43 0.47 -0.530042 -0.362091
0.079643 0.43 0.48 -0.524084 -0.355559
0.0685022 0.43 0.49 -0.51773 -0.349227
0.0680256 0.43 0.5 -0.511144 -0.343118
0.0672562 0.43 0.51 -0.504445 -0.337189
0.066253 0.43 0.52 -0.497698 -0.331445
0.0650726 0.43 0.53 -0.490953 -0.325881
0.0637666 0.43 0.54 -0.484244 -0.320477
0.0623464 0.43 0.55 -0.477594 -0.315247
0.0608409 0.43 0.56 -0.471034 -0.310194
0.0593225 0.43 0.57 -0.464581 -0.305258
0.0577276 0.43 0.58 -0.458212 -0.300485
0.0560958 0.43 0.59 -0.451952 -0.295856
0.062808 0.43 0.6 -0.445827 -0.291365
0.0731892 0.43 0.61 -0.439815 -0.286995
0.0833362 0.43 0.62 -0.433918 -0.282746
0.0932433 0.43 0.63 -0.428135 -0.278621
0.102876 0.43 0.64 -0.422505 -0.27462
0.1123 0.43 0.65 -0.416979 -0.270721
0.121498 0.43 0.66 -0.411575 -0.266926
0.130502 0.43 0.67 -0.406272 -0.263226
0.139276 0.43 0.68 -0.401106 -0.259618
0.147845 0.43 0.69 -0.396034 -0.256121
0.129585 0.43 0.7 -0.538496 -0.391089
0.121121 0.43 0.71 -0.534843 -0.386278
0.112109 0.43 0.72 -0.530599 -0.38151
0.102937 0.43 0.73 -0.526036 -0.376901
0.0936232 0.43 0.74 -0.521275 -0.372348
0.0843597 0.43 0.75 -0.516414 -0.367945
0.0750709 0.43 0.76 -0.511485 -0.363586
0.0658732 0.43 0.77 -0.506526 -0.359347
0.056784 0.43 0.78 -0.501576 -0.355208
0.0477727 0.43 0.79 -0.49665 -0.351122
0.0445941 0.43 0.8 -0.491747 -0.347153
0.142644 0.44 0.4 -0.41482 -0.242536
0.156292 0.44 0.41 -0.406634 -0.237074
0.169433 0.44 0.42 -0.398715 -0.231853
0.182103 0.44 0.43 -0.391034 -0.226864
0.194331 0.44 0.44 -0.3836 -0.22207
0.115857 0.44 0.45 -0.539472 -0.376385
0.104818 0.44 0.46 -0.535405 -0.369413
0.0928179 0.44 0.47 -0.530163 -0.362655
0.0803738 0.44 0.48 -0.52425 -0.356124
0.068123 0.44 0.49 -0.517939 -0.349816
0.0677151 0.44 0.5 -0.51139 -0.343675
0.0669878 0.44 0.51 -0.504721 -0.337733
0.0660012 0.44 0.52 -0.497993 -0.331992
0.0648514 0.44 0.53 -0.491271 -0.326419
0.0635584 0.44 0.54 -0.484573 -0.321015
0.062164 0.44 0.55 -0.477945 -0.315781
0.0606969 0.44 0.56 -0.4714 -0.310703
0.0591589 0.44 0.57 -0.464947 -0.305789
0.0575908 0.44 0.58 -0.458607 -0.301016
0.0559835 0.44 0.59 -0.452343 -0.296359
0.0619115 0.44 0.6 -0.446223 -0.291865
0.0722882 0.44 0.61 -0.440233 -0.287478
0.0824127 0.44 0.62 -0.434344 -0.283243
0.092323 0.44 0.63 -0.428564 -0.279113
0.102005 0.44 0.64 -0.422918 -0.275077
0.111415 0.44 0.65 -0.417405 -0.271181
0.120624 0.44 0.66 -0.411994 -0.267382
0.129613 0.44 0.67 -0.406702 -0.263685
0.138382 0.44 0.68 -0.401537 -0.260081
0.146948 0.44 0.69 -0.396477 -0.256575
0.130051 0.44 0.7 -0.538528 -0.391523
0.121603 0.44 0.71 -0.534918 -0.386685
0.112635 0.44 0.72 -0.530694 -0.381941
0.103475 0.44 0.73 -0.526146 -0.37733
0.0941922 0.44 0.74 -0.521414 -0.372778
0.0849268 0.44 0.75 -0.516564 -0.368363
0.0756727 0.44 0.76 -0.511663 -0.36401
0.0665022 0.44 0.77 -0.506733 -0.359769
0.0574144 0.44 0.78 -0.501798 -0.355617
0.0484139 0.44 0.79 -0.496868 -0.351546
0.0444069 0.44 0.8 -0.491986 -0.347579
0.141525 0.45 0.4 -0.415397 -0.243078
0.155213 0.45 0.41 -0.407194 -0.237592
0.168336 0.45 0.42 -0.399295 -0.232369
0.181048 0.45 0.43 -0.391591 -0.227361
0.193269 0.45 0.44 -0.384159 -0.222572
0.11644 0.45 0.45 -0.539493 -0.376947
0.105439 0.45 0.46 -0.535472 -0.369967
0.0935148 0.45 0.47 -0.530293 -0.363222
0.0810926 0.45 0.48 -0.524412 -0.35668
0.0684743 0.45 0.49 -0.518133 -0.350341
0.0674028 0.45 0.5 -0.511624 -0.344221
0.0667029 0.45 0.51 -0.504983 -0.33828
0.0657559 0.45 0.52 -0.498282 -0.332526
0.0646249 0.45 0.53 -0.491575 -0.32695
0.063362 0.45 0.54 -0.484909 -0.321547
0.0619806 0.45 0.55 -0.478288 -0.316308
0.0605288 0.45 0.56 -0.471763 -0.311234
0.0590182 0.45 0.57 -0.465312 -0.306294
0.0574518 0.45 0.58 -0.458971 -0.301519
0.0558876 0.45 0.59 -0.452752 -0.296864
0.0610063 0.45 0.6 -0.446633 -0.29236
0.0714007 0.45 0.61 -0.44063 -0.287969
0.0815412 0.45 0.62 -0.434751 -0.283708
0.0914348 0.45 0.63 -0.428981 -0.279584
0.101118 0.45 0.64 -0.423333 -0.275549
0.110542 0.45 0.65 -0.417814 -0.271644
0.119738 0.45 0.66 -0.412427 -0.267835
0.128732 0.45 0.67 -0.407125 -0.264143
0.137522 0.45 0.68 -0.401953 -0.260526
0.146104 0.45 0.69 -0.396889 -0.257008
0.130512 0.45 0.7 -0.538568 -0.391944
0.122078 0.45 0.71 -0.534972 -0.387106
0.113146 0.45 0.72 -0.530785 -0.382361
0.103999 0.45 0.73 -0.526272 -0.377727
0.0947537 0.45 0.74 -0.521555 -0.373198
0.0855024 0.45 0.75 -0.516729 -0.368773
0.0762646 0.45 0.76 -0.511831 -0.364433
0.0670899 0.45 0.77 -0.506914 -0.360176
0.0580193 0.45 0.78 -0.501989 -0.356031
0.0490578 0.45 0.79 -0.497091 -0.351967
0.0442058 0.45 0.8 -0.492199 -0.347994
0.140445 0.46 0.4 -0.415947 -0.243609
0.154087 0.46 0.41 -0.407774 -0.238139
0.16728 0.46 0.42 -0.399834 -0.232886
0.17996 0.46 0.43 -0.392158 -0.227882
0.192215 0.46 0.44 -0.384718 -0.223067
0.117023 0.46 0.45 -0.53952 -0.377503
0.106094 0.46 0.46 -0.535567 -0.370527
0.0941828 0.46 0.47 -0.530412 -0.36377
0.081794 0.46 0.48 -0.524572 -0.357222
0.0692268 0.46 0.49 -0.518338 -0.350888
0.0671076 0.46 0.5 -0.511852 -0.344745
0.0664295 0.46 0.51 -0.505234 -0.338805
0.0655018 0.46 0.52 -0.498555 -0.333053
0.0644082 0.46 0.53 -0.491877 -0.327468
0.0631494 0.46 0.54 -0.485218 -0.322069
0.0618224 0.46 0.55 -0.478625 -0.316803
0.060379 0.46 0.56 -0.472103 -0.311724
0.0588805 0.46 0.57 -0.465675 -0.306794
0.057343 0.46 0.58 -0.459349 -0.302006
0.0557666 0.46 0.59 -0.453125 -0.297359
0.060166 0.46 0.6 -0.447009 -0.292825
0.0705077 0.46 0.61 -0.441023 -0.288469
0.0806617 0.46 0.62 -0.435138 -0.2842
0.0905827 0.46 0.63 -0.429379 -0.280038
0.100242 0.46 0.64 -0.423743 -0.276014
0.109674 0.46 0.65 -0.418222 -0.272104
0.11888 0.46 0.66 -0.412827 -0.268293
0.1279 0.46 0.67 -0.407522 -0.264578
0.136654 0.46 0.68 -0.402374 -0.260972
0.145264 0.46 0.69 -0.397295 -0.25744
0.130955 0.46 0.7 -0.5386 -0.392356
0.122561 0.46 0.71 -0.535036 -0.387525
0.113659 0.46 0.72 -0.530878 -0.38278
0.104534 0.46 0.73 -0.526386 -0.378148
0.0953096 0.46 0.74 -0.521696 -0.373614
0.0860579 0.46 0.75 -0.516878 -0.369179
0.0768476 0.46 0.76 -0.512007 -0.36484
0.0677218 0.46 0.77 -0.507117 -0.360605
0.0586306 0.46 0.78 -0.502197 -0.356433
0.0496658 0.46 0.79 -0.4973 -0.352365
0.0440485 0.46 0.8 -0.492438 -0.348389
0.13938 0.47 0.4 -0.416496 -0.244124
0.153046 0.47 0.41 -0.408313 -0.238642
0.166222 0.47 0.42 -0.400388 -0.23339
0.178934 0.47 0.43 -0.392705 -0.228362
0.191192 0.47 0.44 -0.385264 -0.223544
0.117597 0.47 0.45 -0.539547 -0.37805
0.106693 0.47 0.46 -0.535628 -0.371065
0.0948231 0.47 0.47 -0.530526 -0.364297
0.08249 0.47 0.48 -0.524732 -0.357758
0.0699469 0.47 0.49 -0.51853 -0.351417
0.0667914 0.47 0.5 -0.512072 -0.345281
0.0661617 0.47 0.51 -0.505486 -0.339324
0.0652743 0.47 0.52 -0.498838 -0.333563
0.0642105 0.47 0.53 -0.492187 -0.327976
0.0629659 0.47 0.54 -0.48553 -0.322564
0.0616432 0.47 0.55 -0.478966 -0.317323
0.0602445 0.47 0.56 -0.472462 -0.312218
0.0587488 0.47 0.57 -0.466027 -0.307278
0.0572353 0.47 0.58 -0.459725 -0.30249
0.0556649 0.47 0.59 -0.453491 -0.297826
0.0592975 0.47 0.6 -0.447394 -0.293308
0.0696794 0.47 0.61 -0.441401 -0.28892
0.0798149 0.47 0.62 -0.435532 -0.284653
0.0897156 0.47 0.63 -0.42977 -0.280514
0.0993977 0.47 0.64 -0.42413 -0.276472
0.108833 0.47 0.65 -0.418626 -0.272541
0.118059 0.47 0.66 -0.413211 -0.26873
0.127041 0.47 0.67 -0.407943 -0.265016
0.135861 0.47 0.68 -0.402749 -0.26139
0.144412 0.47 0.69 -0.397723 -0.257865
0.131388 0.47 0.7 -0.538622 -0.392766
0.123013 0.47 0.71 -0.535091 -0.387922
0.11415 0.47 0.72 -0.530962 -0.383188
0.105053 0.47 0.73 -0.526498 -0.378555
0.0958473 0.47 0.74 -0.521833 -0.374014
0.0866093 0.47 0.75 -0.517043 -0.369567
0.0774163 0.47 0.76 -0.512181 -0.365235
0.0683037 0.47 0.77 -0.507298 -0.361006
0.0592387 0.47 0.78 -0.502398 -0.356841
0.0502766 0.47 0.79 -0.497514 -0.352763
0.0438695 0.47 0.8 -0.492657 -0.348787
0.138349 0.48 0.4 -0.417024 -0.244627
0.152015 0.48 0.41 -0.408843 -0.239142
0.165188 0.48 0.42 -0.40093 -0.233881
0.177917 0.48 0.43 -0.39324 -0.228843
0.190194 0.48 0.44 -0.385793 -0.224013
0.118156 0.48 0.45 -0.53957 -0.378586
0.107297 0.48 0.46 -0.535702 -0.371595
0.0954687 0.48 0.47 -0.530637 -0.364832
0.0831406 0.48 0.48 -0.524865 -0.358275
0.0706511 0.48 0.49 -0.518715 -0.351936
0.0665011 0.48 0.5 -0.512296 -0.345795
0.065903 0.48 0.51 -0.505741 -0.339838
0.0650371 0.48 0.52 -0.499103 -0.334066
0.0639898 0.48 0.53 -0.492471 -0.328481
0.0627923 0.48 0.54 -0.48585 -0.323058
0.0614789 0.48 0.55 -0.479281 -0.317802
0.0600842 0.48 0.56 -0.472785 -0.312701
0.0586183 0.48 0.57 -0.46638 -0.307762
0.0571077 0.48 0.58 -0.460069 -0.302961
0.0555613 0.48 0.59 -0.45386 -0.298299
0.0584511 0.48 0.6 -0.447765 -0.293784
0.0688422 0.48 0.61 -0.441777 -0.28938
0.0789844 0.48 0.62 -0.435911 -0.285104
0.0888792 0.48 0.63 -0.430172 -0.280949
0.0985477 0.48 0.64 -0.424536 -0.276916
0.107999 0.48 0.65 -0.41902 -0.272981
0.117225 0.48 0.66 -0.41362 -0.269154
0.126229 0.48 0.67 -0.408336 -0.265434
0.135032 0.48 0.68 -0.403163 -0.261805
0.143584 0.48 0.69 -0.398116 -0.2583
0.13182 0.48 0.7 -0.538654 -0.393166
0.123483 0.48 0.71 -0.535161 -0.388322
0.114646 0.48 0.72 -0.531062 -0.383585
0.105543 0.48 0.73 -0.526606 -0.378937
0.0963563 0.48 0.74 -0.52196 -0.374397
0.0871567 0.48 0.75 -0.517185 -0.369971
0.0779839 0.48 0.76 -0.512349 -0.365635
0.068876 0.48 0.77 -0.507495 -0.361381
0.0598118 0.48 0.78 -0.502594 -0.357218
0.0508805 0.48 0.79 -0.497731 -0.35315
0.0437029 0.48 0.8 -0.492874 -0.349171
0.137332 0.49 0.4 -0.417534 -0.245134
0.150992 0.49 0.41 -0.409373 -0.239635
0.1642 0.49 0.42 -0.401446 -0.234354
0.176915 0.49 0.43 -0.39377 -0.229316
0.189207 0.49 0.44 -0.386324 -0.224469
0.1187 0.49 0.45 -0.53959 -0.37911
0.10789 0.49 0.46 -0.535768 -0.372122
0.0961035 0.49 0.47 -0.530748 -0.365355
0.0838257 0.49 0.48 -0.52503 -0.358796
0.0713532 0.49 0.49 -0.518903 -0.35245
0.0662125 0.49 0.5 -0.51251 -0.346297
0.0656407 0.49 0.51 -0.505975 -0.340334
0.0648108 0.49 0.52 -0.499374 -0.334563
0.0637932 0.49 0.53 -0.492768 -0.328975
0.0625975 0.49 0.54 -0.486161 -0.323564
0.0613168 0.49 0.55 -0.479602 -0.318285
0.0599381 0.49 0.56 -0.473119 -0.313181
0.0584956 0.49 0.57 -0.466718 -0.308222
0.0569981 0.49 0.58 -0.460421 -0.303423
0.0554711 0.49 0.59 -0.454213 -0.298742
0.0576393 0.49 0.6 -0.448134 -0.294227
0.0680309 0.49 0.61 -0.442151 -0.289818
0.0781582 0.49 0.62 -0.436288 -0.285554
0.0880413 0.49 0.63 -0.430562 -0.281397
0.0977448 0.49 0.64 -0.424916 -0.277339
0.107222 0.49 0.65 -0.419388 -0.27339
0.116398 0.49 0.66 -0.414013 -0.269589
0.1254 0.49 0.67 -0.408731 -0.265869
0.134196 0.49 0.68 -0.403569 -0.262235
0.1428 0.49 0.69 -0.398507 -0.258693
0.132242 0.49 0.7 -0.538681 -0.393561
0.123932 0.49 0.71 -0.535218 -0.388713
0.115112 0.49 0.72 -0.531135 -0.383976
0.106068 0.49 0.73 -0.526717 -0.379351
0.0969075 0.49 0.74 -0.522098 -0.37481
0.0876897 0.49 0.75 -0.517328 -0.370361
0.0785335 0.49 0.76 -0.512515 -0.366019
0.0694304 0.49 0.77 -0.507661 -0.36177
0.0603934 0.49 0.78 -0.502784 -0.357609
0.051451 0.49 0.79 -0.497921 -0.35353
0.0435348 0.49 0.8 -0.493079 -0.349544
0.136314 0.5 0.4 -0.418062 -0.245624
0.150002 0.5 0.41 -0.409895 -0.240103
0.1632 0.5 0.42 -0.401971 -0.234829
0.17594 0.5 0.43 -0.394291 -0.229769
0.188242 0.5 0.44 -0.386839 -0.224919
0.119236 0.5 0.45 -0.539613 -0.379624
0.108464 0.5 0.46 -0.535828 -0.372636
0.0966992 0.5 0.47 -0.53085 -0.365849
0.0844885 0.5 0.48 -0.525184 -0.359304
0.0720322 0.5 0.49 -0.519085 -0.352947
0.0659298 0.5 0.5 -0.512717 -0.346787
0.0653867 0.5 0.51 -0.506217 -0.34083
0.0646021 0.5 0.52 -0.49965 -0.335048
0.0635866 0.5 0.53 -0.493031 -0.329445
0.0624329 0.5 0.54 -0.486458 -0.324025
0.0611544 0.5 0.55 -0.47992 -0.318765
0.0597984 0.5 0.56 -0.47345 -0.313651
0.0583611 0.5 0.57 -0.467057 -0.308696
0.0568659 0.5 0.58 -0.460763 -0.303897
0.05537 0.5 0.59 -0.454575 -0.299205
0.0568372 0.5 0.6 -0.448494 -0.294669
0.0672175 0.5 0.61 -0.442521 -0.290262
0.0773444 0.5 0.62 -0.436661 -0.285994
0.0872849 0.5 0.63 -0.43091 -0.281805
0.09694 0.5 0.64 -0.425292 -0.277768
0.106398 0.5 0.65 -0.419775 -0.273827
0.115624 0.5 0.66 -0.414381 -0.269995
0.124628 0.5 0.67 -0.409113 -0.266259
0.133417 0.5 0.68 -0.403937 -0.262646
0.142014 0.5 0.69 -0.398886 -0.2591
0.132658 0.5 0.7 -0.538713 -0.393945
0.124369 0.5 0.71 -0.535272 -0.389097
0.115597 0.5 0.72 -0.53123 -0.384366
0.10655 0.5 0.73 -0.526824 -0.379725
0.0974023 0.5 0.74 -0.522224 -0.375178
0.0882391 0.5 0.75 -0.51749 -0.370749
0.0790699 0.5 0.76 -0.512672 -0.366398
0.0699955 0.5 0.77 -0.507839 -0.362157
0.0609593 0.5 0.78 -0.502969 -0.35799
0.0520362 0.5 0.79 -0.498127 -0.353909
0.04338 0.5 0.8 -0.493309 -0.349929
0.135334 0.51 0.4 -0.418563 -0.246103
0.149019 0.51 0.41 -0.410404 -0.240577
0.162235 0.51 0.42 -0.402476 -0.235289
0.174993 0.51 0.43 -0.394793 -0.230214
0.187297 0.51 0.44 -0.387348 -0.225355
0.119761 0.51 0.45 -0.539631 -0.38013
0.109035 0.51 0.46 -0.535894 -0.373141
0.0973188 0.51 0.47 -0.530959 -0.36636
0.0851066 0.51 0.48 -0.525317 -0.359789
0.0727064 0.51 0.49 -0.519263 -0.353443
0.0656509 0.51 0.5 -0.512936 -0.347285
0.0651376 0.51 0.51 -0.506453 -0.341316
0.0643639 0.51 0.52 -0.499896 -0.335532
0.0633811 0.51 0.53 -0.493318 -0.329937
0.062255 0.51 0.54 -0.486748 -0.324493
0.0610047 0.51 0.55 -0.480222 -0.319217
0.0596552 0.51 0.56 -0.473765 -0.31411
0.0582492 0.51 0.57 -0.467392 -0.309143
0.0567767 0.51 0.58 -0.461107 -0.30433
0.0552794 0.51 0.59 -0.454933 -0.299654
0.0560434 0.51 0.6 -0.44885 -0.295107
0.0664386 0.51 0.61 -0.442877 -0.290685
0.0765719 0.51 0.62 -0.43702 -0.286408
0.0864747 0.51 0.63 -0.431289 -0.282236
0.096143 0.51 0.64 -0.425662 -0.278195
0.105602 0.51 0.65 -0.420158 -0.27424
0.114825 0.51 0.66 -0.414771 -0.270404
0.123854 0.51 0.67 -0.409489 -0.266658
0.132654 0.51 0.68 -0.404322 -0.263024
0.141245 0.51 0.69 -0.399268 -0.259487
0.13306 0.51 0.7 -0.538741 -0.394319
0.124793 0.51 0.71 -0.535322 -0.389471
0.11603 0.51 0.72 -0.531298 -0.384732
0.107026 0.51 0.73 -0.526932 -0.380094
0.0979235 0.51 0.74 -0.522347 -0.375576
0.0887628 0.51 0.75 -0.517636 -0.371127
0.0796321 0.51 0.76 -0.512841 -0.366791
0.0705478 0.51 0.77 -0.508013 -0.362535
0.0615205 0.51 0.78 -0.503164 -0.358357
0.0526037 0.51 0.79 -0.498324 -0.354279
0.0438159 0.51 0.8 -0.493515 -0.350301
0.134383 0.52 0.4 -0.419047 -0.246571
0.148071 0.52 0.41 -0.410894 -0.241035
0.16127 0.52 0.42 -0.402988 -0.235742
0.174042 0.52 0.43 -0.395294 -0.230665
0.186347 0.52 0.44 -0.387849 -0.225804
0.120276 0.52 0.45 -0.53965 -0.380626
0.109586 0.52 0.46 -0.535956 -0.373631
0.097921 0.52 0.47 -0.531062 -0.366859
0.0857499 0.52 0.48 -0.525466 -0.360284
0.0733659 0.52 0.49 -0.519436 -0.35393
0.0653754 0.52 0.5 -0.513138 -0.347762
0.0648945 0.52 0.51 -0.506682 -0.341787
0.0641488 0.52 0.52 -0.500148 -0.335999
0.0631944 0.52 0.53 -0.493585 -0.330391
0.0620811 0.52 0.54 -0.487033 -0.324952
0.0608605 0.52 0.55 -0.480537 -0.319677
0.059523 0.52 0.56 -0.474083 -0.31456
0.0581188 0.52 0.57 -0.467705 -0.309586
0.0566753 0.52 0.58 -0.461445 -0.304769
0.0551828 0.52 0.59 -0.455268 -0.300085
0.055241 0.52 0.6 -0.44921 -0.295549
0.0656559 0.52 0.61 -0.443231 -0.291113
0.0757931 0.52 0.62 -0.437378 -0.286829
0.0856851 0.52 0.63 -0.431654 -0.282661
0.0953605 0.52 0.64 -0.426041 -0.278599
0.104807 0.52 0.65 -0.420543 -0.27465
0.114042 0.52 0.66 -0.415146 -0.270812
0.123088 0.52 0.67 -0.409857 -0.267054
0.131879 0.52 0.68 -0.404701 -0.26342
0.140472 0.52 0.69 -0.399648 -0.259879
0.133462 0.52 0.7 -0.538768 -0.394695
0.125243 0.52 0.71 -0.53539 -0.389852
0.116513 0.52 0.72 -0.531394 -0.385119
0.10751 0.52 0.73 -0.527036 -0.380474
0.0984163 0.52 0.74 -0.522475 -0.375941
0.0892678 0.52 0.75 -0.517771 -0.371496
0.0801489 0.52 0.76 -0.512999 -0.36715
0.0710727 0.52 0.77 -0.508173 -0.3629
0.0620781 0.52 0.78 -0.503344 -0.358734
0.0531715 0.52 0.79 -0.498521 -0.354651
0.0443804 0.52 0.8 -0.493713 -0.350667
0.133419 0.53 0.4 -0.419546 -0.247035
0.14713 0.53 0.41 -0.411386 -0.241484
0.160358 0.53 0.42 -0.403468 -0.236174
0.173117 0.53 0.43 -0.395783 -0.2311
0.185466 0.53 0.44 -0.388335 -0.226199
0.120779 0.53 0.45 -0.539672 -0.381107
0.110115 0.53 0.46 -0.53601 -0.374104
0.0985032 0.53 0.47 -0.531162 -0.367342
0.0863694 0.53 0.48 -0.525603 -0.360766
0.0740027 0.53 0.49 -0.519605 -0.354398
0.0650906 0.53 0.5 -0.513334 -0.348243
0.0646512 0.53 0.51 -0.506905 -0.342254
0.063931 0.53 0.52 -0.500395 -0.336464
0.0630035 0.53 0.53 -0.493851 -0.330848
0.0619222 0.53 0.54 -0.487322 -0.3254
0.060711 0.53 0.55 -0.480825 -0.320114
0.0594088 0.53 0.56 -0.474398 -0.31499
0.0580167 0.53 0.57 -0.468038 -0.310021
0.0565766 0.53 0.58 -0.461781 -0.305204
0.0550888 0.53 0.59 -0.455604 -0.300515
0.054497 0.53 0.6 -0.449541 -0.295962
0.064877 0.53 0.61 -0.443586 -0.291537
0.0750176 0.53 0.62 -0.437743 -0.287239
0.0849186 0.53 0.63 -0.432011 -0.28307
0.0946082 0.53 0.64 -0.426394 -0.278997
0.104061 0.53 0.65 -0.420895 -0.275045
0.113286 0.53 0.66 -0.415511 -0.271203
0.122308 0.53 0.67 -0.41023 -0.267461
0.131123 0.53 0.68 -0.405068 -0.26381
0.139735 0.53 0.69 -0.40001 -0.260255
0.133855 0.53 0.7 -0.538791 -0.395064
0.125651 0.53 0.71 -0.535433 -0.390219
0.116957 0.53 0.72 -0.531471 -0.385487
0.107971 0.53 0.73 -0.527128 -0.380843
0.0988969 0.53 0.74 -0.52259 -0.376307
0.0897599 0.53 0.75 -0.517907 -0.371853
0.0806648 0.53 0.76 -0.513148 -0.367517
0.071615 0.53 0.77 -0.50834 -0.363275
0.0626267 0.53 0.78 -0.503528 -0.359098
0.0537231 0.53 0.79 -0.498711 -0.355012
0.0449149 0.53 0.8 -0.493905 -0.351009
0.132493 0.54 0.4 -0.420022 -0.247485
0.146197 0.54 0.41 -0.411871 -0.241931
0.159428 0.54 0.42 -0.403957 -0.236615
0.172209 0.54 0.43 -0.396275 -0.231516
0.184553 0.54 0.44 -0.388821 -0.226626
0.121279 0.54 0.45 -0.539691 -0.381587
0.110655 0.54 0.46 -0.536067 -0.374587
0.0990755 0.54 0.47 -0.531262 -0.367814
0.0869626 0.54 0.48 -0.525734 -0.361228
0.0746595 0.54 0.49 -0.51978 -0.354879
0.0648469 0.54 0.5 -0.513532 -0.348685
0.064421 0.54 0.51 -0.507135 -0.342714
0.0637199 0.54 0.52 -0.50064 -0.33692
0.062815 0.54 0.53 -0.494118 -0.331303
0.0617576 0.54 0.54 -0.487599 -0.325841
0.0605584 0.54 0.55 -0.481117 -0.320558
0.0592643 0.54 0.56 -0.474698 -0.315433
0.0578898 0.54 0.57 -0.468348 -0.310459
0.0564716 0.54 0.58 -0.462097 -0.305625
0.0550072 0.54 0.59 -0.455936 -0.300929
0.0537433 0.54 0.6 -0.44988 -0.296376
0.0641369 0.54 0.61 -0.443929 -0.291934
0.0742473 0.54 0.62 -0.438101 -0.287652
0.0841793 0.54 0.63 -0.43236 -0.28346
0.0938507 0.54 0.64 -0.426755 -0.279394
0.103308 0.54 0.65 -0.421253 -0.27544
0.112535 0.54 0.66 -0.415875 -0.271589
0.121584 0.54 0.67 -0.410579 -0.267837
0.130383 0.54 0.68 -0.405429 -0.264188
0.138997 0.54 0.69 -0.400376 -0.260628
0.134239 0.54 0.7 -0.538818 -0.395421
0.126084 0.54 0.71 -0.535498 -0.390586
0.117389 0.54 0.72 -0.531535 -0.385854
0.108437 0.54 0.73 -0.527228 -0.381209
0.0993659 0.54 0.74 -0.522709 -0.376657
0.0902694 0.54 0.75 -0.518047 -0.372222
0.0811724 0.54 0.76 -0.513299 -0.367874
0.0721355 0.54 0.77 -0.508519 -0.363617
0.063135 0.54 0.78 -0.503687 -0.359448
0.0542818 0.54 0.79 -0.498908 -0.355374
0.0454792 0.54 0.8 -0.494113 -0.351366
0.131564 0.55 0.4 -0.420506 -0.24793
0.14527 0.55 0.41 -0.412351 -0.24238
0.158523 0.55 0.42 -0.40444 -0.237037
0.171315 0.55 0.43 -0.39675 -0.231935
0.183669 0.55 0.44 -0.389294 -0.227037
0.121773 0.55 0.45 -0.539711 -0.382062
0.111189 0.55 0.46 -0.536127 -0.375062
0.0996293 0.55 0.47 -0.531354 -0.368275
0.0875806 0.55 0.48 -0.525881 -0.3617
0.0752709 0.55 0.49 -0.519941 -0.35533
0.064579 0.55 0.5 -0.513723 -0.349144
0.0641835 0.55 0.51 -0.507345 -0.343162
0.0635225 0.55 0.52 -0.500882 -0.337359
0.0626358 0.55 0.53 -0.494372 -0.331736
0.0615921 0.55 0.54 -0.487875 -0.326283
0.0604145 0.55 0.55 -0.481406 -0.320992
0.0591352 0.55 0.56 -0.474997 -0.315862
0.0577865 0.55 0.57 -0.468667 -0.310881
0.0563767 0.55 0.58 -0.462418 -0.306042
0.0549176 0.55 0.59 -0.456263 -0.301345
0.0534146 0.55 0.6 -0.450214 -0.2968
0.0633774 0.55 0.61 -0.444269 -0.292353
0.0735295 0.55 0.62 -0.43843 -0.288041
0.0834504 0.55 0.63 -0.432705 -0.283844
0.0931064 0.55 0.64 -0.42711 -0.279783
0.102572 0.55 0.65 -0.421605 -0.275823
0.111818 0.55 0.66 -0.416219 -0.271963
0.120834 0.55 0.67 -0.410951 -0.268215
0.129667 0.55 0.68 -0.405781 -0.264552
0.138268 0.55 0.69 -0.40073 -0.261001
0.134628 0.55 0.7 -0.538846 -0.395783
0.126487 0.55 0.71 -0.535544 -0.390943
0.117821 0.55 0.72 -0.531616 -0.386205
0.108881 0.55 0.73 -0.527332 -0.381548
0.0998503 0.55 0.74 -0.522827 -0.377023
0.0907644 0.55 0.75 -0.518182 -0.372582
0.081673 0.55 0.76 -0.51345 -0.368223
0.0726556 0.55 0.77 -0.50868 -0.363976
0.0636824 0.55 0.78 -0.503882 -0.359801
0.0548011 0.55 0.79 -0.499089 -0.355712
0.0460154 0.55 0.8 -0.494305 -0.351711
0.13066 0.56 0.4 -0.420972 -0.248368
0.144377 0.56 0.41 -0.412828 -0.242795
0.157632 0.56 0.42 -0.404902 -0.237466
0.170458 0.56 0.43 -0.397212 -0.23233
0.18281 0.56 0.44 -0.389754 -0.227436
0.122257 0.56 0.45 -0.539725 -0.382532
0.111692 0.56 0.46 -0.536183 -0.375509
0.100195 0.56 0.47 -0.531451 -0.368743
0.0881541 0.56 0.48 -0.526006 -0.362148
0.0758848 0.56 0.49 -0.520101 -0.355784
0.0643205 0.56 0.5 -0.513917 -0.349597
0.0639581 0.56 0.51 -0.507562 -0.343604
0.063299 0.56 0.52 -0.50111 -0.337811
0.062455 0.56 0.53 -0.494625 -0.33217
0.0614364 0.56 0.54 -0.488138 -0.326702
0.0602502 0.56 0.55 -0.481682 -0.321432
0.0590253 0.56 0.56 -0.4753 -0.316275
0.0576777 0.56 0.57 -0.468967 -0.31129
0.056282 0.56 0.58 -0.462738 -0.306456
0.0548399 0.56 0.59 -0.456581 -0.301741
0.0533581 0.56 0.6 -0.450541 -0.297183
0.0626366 0.56 0.61 -0.444602 -0.292761
0.0727922 0.56 0.62 -0.438773 -0.288435
0.0827024 0.56 0.63 -0.433053 -0.284245
0.0923948 0.56 0.64 -0.427439 -0.280166
0.101851 0.56 0.65 -0.421951 -0.276198
0.111097 0.56 0.66 -0.416562 -0.272341
0.120118 0.56 0.67 -0.4113 -0.268581
0.128952 0.56 0.68 -0.406127 -0.264921
0.137557 0.56 0.69 -0.401084 -0.261359
0.135011 0.56 0.7 -0.538868 -0.396143
0.126873 0.56 0.71 -0.535591 -0.391282
0.118244 0.56 0.72 -0.531687 -0.386558
0.109338 0.56 0.73 -0.527424 -0.381913
0.100318 0.56 0.74 -0.522943 -0.377375
0.0912483 0.56 0.75 -0.518315 -0.372933
0.0821674 0.56 0.76 -0.513596 -0.368572
0.0731425 0.56 0.77 -0.508832 -0.36431
0.0641974 0.56 0.78 -0.504057 -0.36014
0.0553185 0.56 0.79 -0.499257 -0.356061
0.0465632 0.56 0.8 -0.494503 -0.35206
0.129807 0.57 0.4 -0.421415 -0.248778
0.143513 0.57 0.41 -0.413277 -0.24321
0.156787 0.57 0.42 -0.405361 -0.237852
0.169574 0.57 0.43 -0.397688 -0.232738
0.181973 0.57 0.44 -0.390216 -0.227811
0.122732 0.57 0.45 -0.539742 -0.38299
0.11222 0.57 0.46 -0.53624 -0.375979
0.100724 0.57 0.47 -0.531542 -0.369182
0.0887329 0.57 0.48 -0.526132 -0.362601
0.0764804 0.57 0.49 -0.520258 -0.356222
0.0641459 0.57 0.5 -0.514105 -0.350041
0.0637254 0.57 0.51 -0.507771 -0.344045
0.0631053 0.57 0.52 -0.501343 -0.338238
0.0622798 0.57 0.53 -0.494876 -0.332596
0.0612712 0.57 0.54 -0.488405 -0.327134
0.0601354 0.57 0.55 -0.48197 -0.321834
0.0588903 0.57 0.56 -0.475586 -0.316695
0.0575744 0.57 0.57 -0.469267 -0.311692
0.0561875 0.57 0.58 -0.463042 -0.306855
0.0547466 0.57 0.59 -0.456894 -0.302148
0.0532847 0.57 0.6 -0.450867 -0.297582
0.0619395 0.57 0.61 -0.444927 -0.293134
0.0720592 0.57 0.62 -0.439113 -0.288828
0.0819886 0.57 0.63 -0.433385 -0.284626
0.0916785 0.57 0.64 -0.427776 -0.280545
0.101139 0.57 0.65 -0.42229 -0.276571
0.11038 0.57 0.66 -0.416915 -0.272705
0.119412 0.57 0.67 -0.411643 -0.268944
0.128226 0.57 0.68 -0.406487 -0.265287
0.136852 0.57 0.69 -0.401431 -0.261717
0.135385 0.57 0.7 -0.5389 -0.396485
0.127286 0.57 0.71 -0.535641 -0.391645
0.118661 0.57 0.72 -0.53177 -0.386891
0.109787 0.57 0.73 -0.527526 -0.382261
0.100772 0.57 0.74 -0.523055 -0.377717
0.0917191 0.57 0.75 -0.518451 -0.373268
0.0826622 0.57 0.76 -0.513742 -0.36892
0.0736577 0.57 0.77 -0.508992 -0.364665
0.0647082 0.57 0.78 -0.504227 -0.360482
0.0558378 0.57 0.79 -0.499446 -0.356392
0.0470966 0.57 0.8 -0.494695 -0.352401
0.12891 0.58 0.4 -0.421875 -0.249214
0.142645 0.58 0.41 -0.413737 -0.243618
0.15593 0.58 0.42 -0.405807 -0.238264
0.168745 0.58 0.43 -0.398132 -0.233122
0.181139 0.58 0.44 -0.39066 -0.228201
0.123208 0.58 0.45 -0.53976 -0.383448
0.112718 0.58 0.46 -0.536291 -0.376427
0.101262 0.58 0.47 -0.531634 -0.369628
0.0892923 0.58 0.48 -0.52625 -0.363042
0.0770705 0.58 0.49 -0.520413 -0.356658
0.0647659 0.58 0.5 -0.51429 -0.350476
0.0635005 0.58 0.51 -0.507977 -0.344477
0.0629163 0.58 0.52 -0.501577 -0.338661
0.0620956 0.58 0.53 -0.495123 -0.333027
0.0611162 0.58 0.54 -0.488665 -0.327549
0.0600507 0.58 0.55 -0.482277 -0.322226
0.0587749 0.58 0.56 -0.475874 -0.317099
0.0574788 0.58 0.57 -0.469574 -0.312095
0.0560963 0.58 0.58 -0.46336 -0.307264
0.0546734 0.58 0.59 -0.457215 -0.302541
0.0532166 0.58 0.6 -0.451182 -0.297965
0.0612309 0.58 0.61 -0.445249 -0.29352
0.0713656 0.58 0.62 -0.439437 -0.289198
0.0812984 0.58 0.63 -0.433719 -0.284983
0.0909702 0.58 0.64 -0.428122 -0.280908
0.100431 0.58 0.65 -0.422638 -0.276931
0.109669 0.58 0.66 -0.417259 -0.273072
0.118719 0.58 0.67 -0.411982 -0.269299
0.127543 0.58 0.68 -0.406825 -0.265632
0.136169 0.58 0.69 -0.401771 -0.26206
0.135743 0.58 0.7 -0.538919 -0.396824
0.127669 0.58 0.71 -0.535689 -0.391981
0.119083 0.58 0.72 -0.531838 -0.387245
0.1102 0.58 0.73 -0.527619 -0.382581
0.101234 0.58 0.74 -0.523173 -0.378061
0.0921754 0.58 0.75 -0.518562 -0.373614
0.0831466 0.58 0.76 -0.513887 -0.36926
0.0741393 0.58 0.77 -0.509143 -0.364996
0.0652029 0.58 0.78 -0.504391 -0.360812
0.0563589 0.58 0.79 -0.499633 -0.356726
0.0476028 0.58 0.8 -0.494876 -0.352727
0.12806 0.59 0.4 -0.422323 -0.249617
0.141795 0.59 0.41 -0.414178 -0.244027
0.155089 0.59 0.42 -0.406261 -0.23865
0.16794 0.59 0.43 -0.398564 -0.233496
0.180306 0.59 0.44 -0.391117 -0.228577
0.12366 0.59 0.45 -0.539779 -0.383881
0.113208 0.59 0.46 -0.536342 -0.376865
0.101811 0.59 0.47 -0.53173 -0.370081
0.0898513 0.59 0.48 -0.526377 -0.363474
0.0776606 0.59 0.49 -0.520568 -0.357093
0.0653678 0.59 0.5 -0.51447 -0.350898
0.0632916 0.59 0.51 -0.508187 -0.344896
0.0627199 0.59 0.52 -0.5018 -0.33908
0.0619355 0.59 0.53 -0.495364 -0.333428
0.0609675 0.59 0.54 -0.488929 -0.327962
0.0598627 0.59 0.55 -0.482512 -0.32265
0.0586595 0.59 0.56 -0.476154 -0.317494
0.0573624 0.59 0.57 -0.469863 -0.3125
0.0560172 0.59 0.58 -0.463654 -0.307636
0.0545979 0.59 0.59 -0.457528 -0.30293
0.0531537 0.59 0.6 -0.4515 -0.298346
0.0605271 0.59 0.61 -0.445573 -0.2939
0.0706641 0.59 0.62 -0.439762 -0.289574
0.0805852 0.59 0.63 -0.434052 -0.285363
0.0902728 0.59 0.64 -0.42845 -0.281277
0.0997388 0.59 0.65 -0.422965 -0.277296
0.108999 0.59 0.66 -0.417581 -0.27342
0.118032 0.59 0.67 -0.412318 -0.26965
0.126854 0.59 0.68 -0.407163 -0.265982
0.135485 0.59 0.69 -0.402109 -0.262406
0.136103 0.59 0.7 -0.538938 -0.397165
0.128056 0.59 0.71 -0.535736 -0.39232
0.119489 0.59 0.72 -0.531908 -0.387581
0.110638 0.59 0.73 -0.527699 -0.382939
0.101669 0.59 0.74 -0.523272 -0.378397
0.0926447 0.59 0.75 -0.518701 -0.373944
0.0836122 0.59 0.76 -0.514024 -0.369588
0.0746267 0.59 0.77 -0.509304 -0.365322
0.0657092 0.59 0.78 -0.504558 -0.361151
0.0568645 0.59 0.79 -0.499806 -0.357058
0.0481326 0.59 0.8 -0.495069 -0.353063
0.127236 0.6 0.4 -0.422744 -0.25002
0.14097 0.6 0.41 -0.414622 -0.244408
0.154262 0.6 0.42 -0.406698 -0.23904
0.167103 0.6 0.43 -0.399002 -0.233896
0.179494 0.6 0.44 -0.391549 -0.228957
0.124111 0.6 0.45 -0.539794 -0.384317
0.1137 0.6 0.46 -0.536403 -0.377297
0.102297 0.6 0.47 -0.531803 -0.370493
0.0903941 0.6 0.48 -0.526492 -0.363902
0.0782373 0.6 0.49 -0.520716 -0.357522
0.0659692 0.6 0.5 -0.514646 -0.351323
0.0630668 0.6 0.51 -0.508377 -0.34531
0.062533 0.6 0.52 -0.502027 -0.339494
0.0617643 0.6 0.53 -0.495605 -0.333841
0.0608173 0.6 0.54 -0.489178 -0.32836
0.059735 0.6 0.55 -0.482781 -0.323046
0.0585416 0.6 0.56 -0.476435 -0.317894
0.057267 0.6 0.57 -0.470152 -0.312885
0.0559196 0.6 0.58 -0.463946 -0.308027
0.0545132 0.6 0.59 -0.457834 -0.303321
0.0530838 0.6 0.6 -0.451807 -0.298723
0.0598438 0.6 0.61 -0.445889 -0.294267
0.0699825 0.6 0.62 -0.440079 -0.289938
0.0799137 0.6 0.63 -0.434365 -0.285721
0.0895867 0.6 0.64 -0.42878 -0.281633
0.0990551 0.6 0.65 -0.423294 -0.277651
0.108311 0.6 0.66 -0.417918 -0.27377
0.117345 0.6 0.67 -0.412653 -0.270002
0.126198 0.6 0.68 -0.407488 -0.266314
0.134824 0.6 0.69 -0.402439 -0.262737
0.136453 0.6 0.7 -0.538961 -0.397491
0.12843 0.6 0.71 -0.535778 -0.392652
0.119888 0.6 0.72 -0.531977 -0.387911
0.111058 0.6 0.73 -0.527797 -0.383261
0.102108 0.6 0.74 -0.523387 -0.378721
0.0930771 0.6 0.75 -0.518813 -0.374264
0.0840641 0.6 0.76 -0.514149 -0.369915
0.0751074 0.6 0.77 -0.509454 -0.365654
0.0661819 0.6 0.78 -0.504712 -0.36147
0.0573674 0.6 0.79 -0.499983 -0.357385
0.0486334 0.6 0.8 -0.495253 -0.35338
0.126427 0.61 0.4 -0.423168 -0.250405
0.140153 0.61 0.41 -0.415044 -0.244802
0.153467 0.61 0.42 -0.407133 -0.239401
0.166299 0.61 0.43 -0.399438 -0.234263
0.178697 0.61 0.44 -0.391985 -0.229318
0.124554 0.61 0.45 -0.53981 -0.384744
0.114178 0.61 0.46 -0.536447 -0.37773
0.102813 0.61 0.47 -0.531893 -0.37092
0.0909205 0.61 0.48 -0.526605 -0.364316
0.0787944 0.61 0.49 -0.520865 -0.357929
0.0665511 0.61 0.5 -0.51482 -0.351731
0.0628636 0.61 0.51 -0.50859 -0.345726
0.0623433 0.61 0.52 -0.502235 -0.339891
0.0616052 0.61 0.53 -0.495846 -0.33424
0.0606828 0.61 0.54 -0.489441 -0.328758
0.0596069 0.61 0.55 -0.483049 -0.323442
0.0584294 0.61 0.56 -0.47671 -0.318281
0.0571608 0.61 0.57 -0.47043 -0.313269
0.0558296 0.61 0.58 -0.464237 -0.308408
0.0544473 0.61 0.59 -0.458132 -0.303684
0.0529871 0.61 0.6 -0.452063 -0.299076
0.0591835 0.61 0.61 -0.446197 -0.29462
0.0693095 0.61 0.62 -0.440394 -0.290296
0.0792258 0.61 0.63 -0.434697 -0.286077
0.0889111 0.61 0.64 -0.429099 -0.28199
0.0983889 0.61 0.65 -0.423608 -0.278003
0.107643 0.61 0.66 -0.418243 -0.274114
0.11669 0.61 0.67 -0.412975 -0.270335
0.125529 0.61 0.68 -0.407818 -0.266654
0.134155 0.61 0.69 -0.402769 -0.263076
0.136817 0.61 0.7 -0.538986 -0.397831
0.128809 0.61 0.71 -0.535825 -0.392984
0.120283 0.61 0.72 -0.532046 -0.388237
0.111492 0.61 0.73 -0.527886 -0.383607
0.102542 0.61 0.74 -0.523489 -0.379053
0.0935325 0.61 0.75 -0.518929 -0.374604
0.0845457 0.61 0.76 -0.514299 -0.370246
0.0755638 0.61 0.77 -0.509592 -0.365972
0.0666738 0.61 0.78 -0.504877 -0.361797
0.0578503 0.61 0.79 -0.500146 -0.357705
0.0491168 0.61 0.8 -0.495425 -0.353692
0.12558 0.62 0.4 -0.423607 -0.250813
0.139361 0.62 0.41 -0.415464 -0.245175
0.152645 0.62 0.42 -0.407553 -0.239801
0.165503 0.62 0.43 -0.399871 -0.234626
0.177903 0.62 0.44 -0.39242 -0.229677
0.124996 0.62 0.45 -0.539824 -0.385172
0.114639 0.62 0.46 -0.536491 -0.378148
0.103307 0.62 0.47 -0.531974 -0.371333
0.0914637 0.62 0.48 -0.526725 -0.364738
0.0793638 0.62 0.49 -0.521013 -0.35835
0.0671269 0.62 0.5 -0.514986 -0.352141
0.062646 0.62 0.51 -0.508775 -0.346129
0.0621552 0.62 0.52 -0.502441 -0.340286
0.0614316 0.62 0.53 -0.496071 -0.334639
0.0605258 0.62 0.54 -0.489676 -0.32915
0.0594795 0.62 0.55 -0.483305 -0.323825
0.05832 0.62 0.56 -0.476981 -0.318661
0.057066 0.62 0.57 -0.470717 -0.313651
0.0557478 0.62 0.58 -0.464528 -0.30878
0.0543717 0.62 0.59 -0.458422 -0.304051
0.0529574 0.62 0.6 -0.452416 -0.299458
0.0584988 0.62 0.61 -0.446511 -0.29499
0.0686382 0.62 0.62 -0.440705 -0.290656
0.0785498 0.62 0.63 -0.435013 -0.286437
0.0882519 0.62 0.64 -0.429416 -0.282332
0.0977278 0.62 0.65 -0.423928 -0.278344
0.106978 0.62 0.66 -0.418567 -0.274455
0.116034 0.62 0.67 -0.413294 -0.270671
0.124871 0.62 0.68 -0.408141 -0.266988
0.133495 0.62 0.69 -0.403098 -0.263406
0.137146 0.62 0.7 -0.539008 -0.398139
0.12918 0.62 0.71 -0.535873 -0.393308
0.12067 0.62 0.72 -0.532111 -0.388559
0.111889 0.62 0.73 -0.527972 -0.383916
0.102961 0.62 0.74 -0.523591 -0.37937
0.0939913 0.62 0.75 -0.519066 -0.374926
0.0849998 0.62 0.76 -0.514431 -0.370569
0.0760487 0.62 0.77 -0.509746 -0.366303
0.0671504 0.62 0.78 -0.505036 -0.362114
0.0583389 0.62 0.79 -0.50032 -0.358019
0.0496077 0.62 0.8 -0.495605 -0.354003
0.124803 0.63 0.4 -0.424012 -0.251185
0.138556 0.63 0.41 -0.415884 -0.24556
0.151865 0.63 0.42 -0.407974 -0.240161
0.164717 0.63 0.43 -0.400288 -0.234994
0.177143 0.63 0.44 -0.392831 -0.230026
0.125418 0.63 0.45 -0.539842 -0.385575
0.115091 0.63 0.46 -0.536533 -0.378558
0.103807 0.63 0.47 -0.532059 -0.371748
0.0919914 0.63 0.48 -0.526841 -0.365151
0.0798899 0.63 0.49 -0.521151 -0.358739
0.0676947 0.63 0.5 -0.515157 -0.352537
0.0624395 0.63 0.51 -0.508961 -0.346522
0.0619652 0.63 0.52 -0.502655 -0.34069
0.0612681 0.63 0.53 -0.496297 -0.335029
0.0603886 0.63 0.54 -0.489926 -0.329538
0.0593497 0.63 0.55 -0.483556 -0.324206
0.0582117 0.63 0.56 -0.477244 -0.319032
0.0569729 0.63 0.57 -0.470998 -0.314025
0.0556626 0.63 0.58 -0.464816 -0.309154
0.0543177 0.63 0.59 -0.458728 -0.30441
0.0528998 0.63 0.6 -0.452716 -0.299816
0.0578367 0.63 0.61 -0.446813 -0.29535
0.0679824 0.63 0.62 -0.441013 -0.291004
0.0779042 0.63 0.63 -0.435317 -0.286779
0.0875958 0.63 0.64 -0.42973 -0.282674
0.0970776 0.63 0.65 -0.42425 -0.278672
0.106332 0.63 0.66 -0.418881 -0.274787
0.115378 0.63 0.67 -0.413618 -0.271004
0.124229 0.63 0.68 -0.408459 -0.267311
0.132864 0.63 0.69 -0.403413 -0.263723
0.137485 0.63 0.7 -0.539022 -0.398463
0.129531 0.63 0.71 -0.535921 -0.39361
0.121044 0.63 0.72 -0.532174 -0.38887
0.112291 0.63 0.73 -0.528056 -0.384236
0.103385 0.63 0.74 -0.523697 -0.379688
0.0944107 0.63 0.75 -0.519173 -0.375238
0.0854459 0.63 0.76 -0.514563 -0.370883
0.0765059 0.63 0.77 -0.509893 -0.366612
0.0676153 0.63 0.78 -0.505194 -0.362421
0.0588116 0.63 0.79 -0.500484 -0.358328
0.0501109 0.63 0.8 -0.49578 -0.354331
0.123998 0.64 0.4 -0.424431 -0.251571
0.137756 0.64 0.41 -0.416298 -0.245946
0.151089 0.64 0.42 -0.408387 -0.240525
0.163962 0.64 0.43 -0.400707 -0.235332
0.176406 0.64 0.44 -0.393228 -0.230367



























Loading materials
19 materials in file
1 Si 1.12 4.05 0.98 0.49
2 Ge 0.67 4.03 0.57 0.043
3 AlN 6.28 0.6 0.4 3.53
4 AlAs 3.06 3.15 0.15 0.5
5 GaN 3.44 4.1 0.22 1.4
6 GaP 2.26 3.8 1.12 0.79
7 GaAs 1.519 4.22 0.067 0.51
8 GaSb 0.73 4.06 0.041 0.4
9 InN 1.9 4.6 0.11 1.63
10 InP 1.35 4.48 0.08 0.85
11 InAs 0.36 4.9 0.023 0.41
12 InSb 0.17 4.59 0.014 0.43
13 CdSe 1.74 4.8 0.13 0.45
14 CdSe 2.42 4.87 0.21 0.8
15 ZnO 3.37 4.3 1.88 2.9
16 ZnSe 2.7 4.09 0.21 0.63
17 ZnTe 2.3 3.53 0.18 0.65
18 PbS 0.37 3.5 0.22 0.29
19 PbTe 0.32 4.6 0.1 0.2
0.147338 0.4 0.4 -0.412445 -0.240217
0.160935 0.4 0.41 -0.404254 -0.234811
0.174042 0.4 0.42 -0.396315 -0.229643
0.186652 0.4 0.43 -0.388649 -0.224699
0.198843 0.4 0.44 -0.381216 -0.219941
0.113368 0.4 0.45 -0.539363 -0.374004
0.102161 0.4 0.46 -0.535102 -0.367059
0.0899572 0.4 0.47 -0.529651 -0.360307
0.0773452 0.4 0.48 -0.523552 -0.353793
0.0696036 0.4 0.49 -0.517071 -0.347467
0.0690203 0.4 0.5 -0.510397 -0.341377
0.0681266 0.4 0.51 -0.503597 -0.335471
0.0670495 0.4 0.52 -0.496785 -0.329735
0.0657696 0.4 0.53 -0.489961 -0.324192
0.0643878 0.4 0.54 -0.483211 -0.318823
0.0629147 0.4 0.55 -0.47651 -0.313595
0.0613572 0.4 0.56 -0.46991 -0.308552
0.0597531 0.4 0.57 -0.463401 -0.303648
0.0581174 0.4 0.58 -0.457019 -0.298902
0.0564387 0.4 0.59 -0.450739 -0.2943
0.0656033 0.4 0.6 -0.44459 -0.289807
0.0760041 0.4 0.61 -0.438549 -0.285447
0.0861124 0.4 0.62 -0.432654 -0.281234
0.0960301 0.4 0.63 -0.426859 -0.277111
0.10568 0.4 0.64 -0.421203 -0.273117
0.115123 0.4 0.65 -0.415666 -0.269211
0.124295 0.4 0.66 -0.410253 -0.265453
0.133265 0.4 0.67 -0.404955 -0.26178
0.142043 0.4 0.68 -0.399772 -0.258184
0.150577 0.4 0.69 -0.394712 -0.254711
0.128146 0.4 0.7 -0.538388 -0.389758
0.119559 0.4 0.71 -0.534628 -0.384931
0.110497 0.4 0.72 -0.530302 -0.380196
0.101233 0.4 0.73 -0.525654 -0.375579
0.0918603 0.4 0.74 -0.520832 -0.371029
0.082491 0.4 0.75 -0.515891 -0.3666
0.073177 0.4 0.76 -0.510917 -0.36226
0.0639749 0.4 0.77 -0.50593 -0.358045
0.0548008 0.4 0.78 -0.500912 -0.353888
0.0461223 0.4 0.79 -0.495961 -0.349838
0.0451601 0.4 0.8 -0.491024 -0.345864
0.146132 0.41 0.4 -0.413058 -0.24081
0.159733 0.41 0.41 -0.404869 -0.235398
0.172847 0.41 0.42 -0.396934 -0.230219
0.185484 0.41 0.43 -0.389259 -0.225257
0.197698 0.41 0.44 -0.381811 -0.22049
0.11402 0.41 0.45 -0.539389 -0.37463
0.102836 0.41 0.46 -0.53518 -0.367656
0.0907129 0.41 0.47 -0.529784 -0.360929
0.0781196 0.41 0.48 -0.523734 -0.354386
0.0692188 0.41 0.49 -0.517303 -0.348085
0.0686881 0.41 0.5 -0.510657 -0.341969
0.0678359 0.41 0.51 -0.503887 -0.336051
0.0667845 0.41 0.52 -0.497084 -0.330299
0.0655244 0.41 0.53 -0.490297 -0.324772
0.064177 0.41 0.54 -0.483561 -0.319384
0.0627165 0.41 0.55 -0.476866 -0.314149
0.0611953 0.41 0.56 -0.470295 -0.3091
0.0595936 0.41 0.57 -0.4638 -0.304206
0.0579651 0.41 0.58 -0.457407 -0.299442
0.0563341 0.41 0.59 -0.451145 -0.294811
0.0646565 0.41 0.6 -0.445005 -0.290339
0.075041 0.41 0.61 -0.438981 -0.285978
0.0851637 0.41 0.62 -0.433088 -0.281748
0.0950802 0.41 0.63 -0.427301 -0.277618
0.104737 0.41 0.64 -0.421649 -0.273614
0.11415 0.41 0.65 -0.416116 -0.269733
0.123343 0.41 0.66 -0.410704 -0.265952
0.132326 0.41 0.67 -0.405404 -0.26227
0.141107 0.41 0.68 -0.400224 -0.258669
0.149648 0.41 0.69 -0.395164 -0.255188
0.128643 0.41 0.7 -0.538422 -0.390221
0.120073 0.41 0.71 -0.534702 -0.385372
0.111051 0.41 0.72 -0.530407 -0.380644
0.101804 0.41 0.73 -0.525789 -0.376016
0.0924746 0.41 0.74 -0.520989 -0.371485
0.083129 0.41 0.75 -0.516073 -0.367057
0.0738251 0.41 0.76 -0.511118 -0.362707
0.0646045 0.41 0.77 -0.50613 -0.358474
0.0554772 0.41 0.78 -0.501147 -0.354331
0.0464519 0.41 0.79 -0.496189 -0.350263
0.0449741 0.41 0.8 -0.491266 -0.346292
0.144924 0.42 0.4 -0.413674 -0.241401
0.158554 0.42 0.41 -0.405475 -0.235971
0.171694 0.42 0.42 -0.397535 -0.230771
0.184357 0.42 0.43 -0.389842 -0.225801
0.196564 0.42 0.44 -0.382419 -0.221017
0.114628 0.42 0.45 -0.539418 -0.375211
0.103513 0.42 0.46 -0.535266 -0.368247
0.0914311 0.42 0.47 -0.529919 -0.361512
0.0788903 0.42 0.48 -0.523907 -0.354984
0.068846 0.42 0.49 -0.51751 -0.348664
0.068352 0.42 0.5 -0.510899 -0.342548
0.0675515 0.42 0.51 -0.504175 -0.336624
0.0665014 0.42 0.52 -0.497391 -0.33089
0.06529 0.42 0.53 -0.49063 -0.32534
0.0639725 0.42 0.54 -0.483911 -0.319939
0.0625369 0.42 0.55 -0.47725 -0.314713
0.0610047 0.42 0.56 -0.470669 -0.309664
0.0594444 0.42 0.57 -0.464186 -0.304742
0.0578481 0.42 0.58 -0.457822 -0.299974
0.0562137 0.42 0.59 -0.451553 -0.295339
0.0637121 0.42 0.6 -0.445428 -0.290859
0.0741282 0.42 0.61 -0.43939 -0.286482
0.0842153 0.42 0.62 -0.433523 -0.282262
0.0941348 0.42 0.63 -0.427729 -0.278136
0.1038 0.42 0.64 -0.422086 -0.274114
0.113221 0.42 0.65 -0.416547 -0.270231
0.122412 0.42 0.66 -0.411149 -0.266439
0.131402 0.42 0.67 -0.40585 -0.262748
0.140149 0.42 0.68 -0.400678 -0.259173
0.148732 0.42 0.69 -0.3956 -0.255668
0.129133 0.42 0.7 -0.538469 -0.390664
0.120572 0.42 0.71 -0.534761 -0.385811
0.111589 0.42 0.72 -0.530505 -0.381083
0.102356 0.42 0.73 -0.525908 -0.376448
0.0930579 0.42 0.74 -0.521132 -0.371926
0.0837403 0.42 0.75 -0.516243 -0.367497
0.0744592 0.42 0.76 -0.511301 -0.363159
0.0652569 0.42 0.77 -0.506333 -0.358923
0.0561678 0.42 0.78 -0.50138 -0.354788
0.0471365 0.42 0.79 -0.496424 -0.350713
0.0447696 0.42 0.8 -0.491506 -0.346737
0.143783 0.43 0.4 -0.41425 -0.241967
0.157386 0.43 0.41 -0.406071 -0.236543
0.170541 0.43 0.42 -0.398137 -0.231323
0.183206 0.43 0.43 -0.390453 -0.226341
0.195424 0.43 0.44 -0.38302 -0.221557
0.115265 0.43 0.45 -0.539449 -0.375815
0.104186 0.43 0.46 -0.535346 -0.36884
0.0921327 0.43 0.47 -0.530042 -0.362091
0.079643 0.43 0.48 -0.524084 -0.355559
0.0685022 0.43 0.49 -0.51773 -0.349227
0.0680256 0.43 0.5 -0.511144 -0.343118
0.0672562 0.43 0.51 -0.504445 -0.337189
0.066253 0.43 0.52 -0.497698 -0.331445
0.0650726 0.43 0.53 -0.490953 -0.325881
0.0637666 0.43 0.54 -0.484244 -0.320477
0.0623464 0.43 0.55 -0.477594 -0.315247
0.0608409 0.43 0.56 -0.471034 -0.310194
0.0593225 0.43 0.57 -0.464581 -0.305258
0.0577276 0.43 0.58 -0.458212 -0.300485
0.0560958 0.43 0.59 -0.451952 -0.295856
0.062808 0.43 0.6 -0.445827 -0.291365
0.0731892 0.43 0.61 -0.439815 -0.286995
0.0833362 0.43 0.62 -0.433918 -0.282746
0.0932433 0.43 0.63 -0.428135 -0.278621
0.102876 0.43 0.64 -0.422505 -0.27462
0.1123 0.43 0.65 -0.416979 -0.270721
0.121498 0.43 0.66 -0.411575 -0.266926
0.130502 0.43 0.67 -0.406272 -0.263226
0.139276 0.43 0.68 -0.401106 -0.259618
0.147845 0.43 0.69 -0.396034 -0.256121
0.129585 0.43 0.7 -0.538496 -0.391089
0.121121 0.43 0.71 -0.534843 -0.386278
0.112109 0.43 0.72 -0.530599 -0.38151
0.102937 0.43 0.73 -0.526036 -0.376901
0.0936232 0.43 0.74 -0.521275 -0.372348
0.0843597 0.43 0.75 -0.516414 -0.367945
0.0750709 0.43 0.76 -0.511485 -0.363586
0.0658732 0.43 0.77 -0.506526 -0.359347
0.056784 0.43 0.78 -0.501576 -0.355208
0.0477727 0.43 0.79 -0.49665 -0.351122
0.0445941 0.43 0.8 -0.491747 -0.347153
0.142644 0.44 0.4 -0.41482 -0.242536
0.156292 0.44 0.41 -0.406634 -0.237074
0.169433 0.44 0.42 -0.398715 -0.231853
0.182103 0.44 0.43 -0.391034 -0.226864
0.194331 0.44 0.44 -0.3836 -0.22207
0.115857 0.44 0.45 -0.539472 -0.376385
0.104818 0.44 0.46 -0.535405 -0.369413
0.0928179 0.44 0.47 -0.530163 -0.362655
0.0803738 0.44 0.48 -0.52425 -0.356124
0.068123 0.44 0.49 -0.517939 -0.349816
0.0677151 0.44 0.5 -0.51139 -0.343675
0.0669878 0.44 0.51 -0.504721 -0.337733
0.0660012 0.44 0.52 -0.497993 -0.331992
0.0648514 0.44 0.53 -0.491271 -0.326419
0.0635584 0.44 0.54 -0.484573 -0.321015
0.062164 0.44 0.55 -0.477945 -0.315781
0.0606969 0.44 0.56 -0.4714 -0.310703
0.0591589 0.44 0.57 -0.464947 -0.305789
0.0575908 0.44 0.58 -0.458607 -0.301016
0.0559835 0.44 0.59 -0.452343 -0.296359
0.0619115 0.44 0.6 -0.446223 -0.291865
0.0722882 0.44 0.61 -0.440233 -0.287478
0.0824127 0.44 0.62 -0.434344 -0.283243
0.092323 0.44 0.63 -0.428564 -0.279113
0.102005 0.44 0.64 -0.422918 -0.275077
0.111415 0.44 0.65 -0.417405 -0.271181
0.120624 0.44 0.66 -0.411994 -0.267382
0.129613 0.44 0.67 -0.406702 -0.263685
0.138382 0.44 0.68 -0.401537 -0.260081
0.146948 0.44 0.69 -0.396477 -0.256575
0.130051 0.44 0.7 -0.538528 -0.391523
0.121603 0.44 0.71 -0.534918 -0.386685
0.112635 0.44 0.72 -0.530694 -0.381941
0.103475 0.44 0.73 -0.526146 -0.37733
0.0941922 0.44 0.74 -0.521414 -0.372778
0.0849268 0.44 0.75 -0.516564 -0.368363
0.0756727 0.44 0.76 -0.511663 -0.36401
0.0665022 0.44 0.77 -0.506733 -0.359769
0.0574144 0.44 0.78 -0.501798 -0.355617
0.0484139 0.44 0.79 -0.496868 -0.351546
0.0444069 0.44 0.8 -0.491986 -0.347579
0.141525 0.45 0.4 -0.415397 -0.243078
0.155213 0.45 0.41 -0.407194 -0.237592
0.168336 0.45 0.42 -0.399295 -0.232369
0.181048 0.45 0.43 -0.391591 -0.227361
0.193269 0.45 0.44 -0.384159 -0.222572
0.11644 0.45 0.45 -0.539493 -0.376947
0.105439 0.45 0.46 -0.535472 -0.369967
0.0935148 0.45 0.47 -0.530293 -0.363222
0.0810926 0.45 0.48 -0.524412 -0.35668
0.0684743 0.45 0.49 -0.518133 -0.350341
0.0674028 0.45 0.5 -0.511624 -0.344221
0.0667029 0.45 0.51 -0.504983 -0.33828
0.0657559 0.45 0.52 -0.498282 -0.332526
0.0646249 0.45 0.53 -0.491575 -0.32695
0.063362 0.45 0.54 -0.484909 -0.321547
0.0619806 0.45 0.55 -0.478288 -0.316308
0.0605288 0.45 0.56 -0.471763 -0.311234
0.0590182 0.45 0.57 -0.465312 -0.306294
0.0574518 0.45 0.58 -0.458971 -0.301519
0.0558876 0.45 0.59 -0.452752 -0.296864
0.0610063 0.45 0.6 -0.446633 -0.29236
0.0714007 0.45 0.61 -0.44063 -0.287969
0.0815412 0.45 0.62 -0.434751 -0.283708
0.0914348 0.45 0.63 -0.428981 -0.279584
0.101118 0.45 0.64 -0.423333 -0.275549
0.110542 0.45 0.65 -0.417814 -0.271644
0.119738 0.45 0.66 -0.412427 -0.267835
0.128732 0.45 0.67 -0.407125 -0.264143
0.137522 0.45 0.68 -0.401953 -0.260526
0.146104 0.45 0.69 -0.396889 -0.257008
0.130512 0.45 0.7 -0.538568 -0.391944
0.122078 0.45 0.71 -0.534972 -0.387106
0.113146 0.45 0.72 -0.530785 -0.382361
0.103999 0.45 0.73 -0.526272 -0.377727
0.0947537 0.45 0.74 -0.521555 -0.373198
0.0855024 0.45 0.75 -0.516729 -0.368773
0.0762646 0.45 0.76 -0.511831 -0.364433
0.0670899 0.45 0.77 -0.506914 -0.360176
0.0580193 0.45 0.78 -0.501989 -0.356031
0.0490578 0.45 0.79 -0.497091 -0.351967
0.0442058 0.45 0.8 -0.492199 -0.347994
0.140445 0.46 0.4 -0.415947 -0.243609
0.154087 0.46 0.41 -0.407774 -0.238139
0.16728 0.46 0.42 -0.399834 -0.232886
0.17996 0.46 0.43 -0.392158 -0.227882
0.192215 0.46 0.44 -0.384718 -0.223067
0.117023 0.46 0.45 -0.53952 -0.377503
0.106094 0.46 0.46 -0.535567 -0.370527
0.0941828 0.46 0.47 -0.530412 -0.36377
0.081794 0.46 0.48 -0.524572 -0.357222
0.0692268 0.46 0.49 -0.518338 -0.350888
0.0671076 0.46 0.5 -0.511852 -0.344745
0.0664295 0.46 0.51 -0.505234 -0.338805
0.0655018 0.46 0.52 -0.498555 -0.333053
0.0644082 0.46 0.53 -0.491877 -0.327468
0.0631494 0.46 0.54 -0.485218 -0.322069
0.0618224 0.46 0.55 -0.478625 -0.316803
0.060379 0.46 0.56 -0.472103 -0.311724
0.0588805 0.46 0.57 -0.465675 -0.306794
0.057343 0.46 0.58 -0.459349 -0.302006
0.0557666 0.46 0.59 -0.453125 -0.297359
0.060166 0.46 0.6 -0.447009 -0.292825
0.0705077 0.46 0.61 -0.441023 -0.288469
0.0806617 0.46 0.62 -0.435138 -0.2842
0.0905827 0.46 0.63 -0.429379 -0.280038
0.100242 0.46 0.64 -0.423743 -0.276014
0.109674 0.46 0.65 -0.418222 -0.272104
0.11888 0.46 0.66 -0.412827 -0.268293
0.1279 0.46 0.67 -0.407522 -0.264578
0.136654 0.46 0.68 -0.402374 -0.260972
0.145264 0.46 0.69 -0.397295 -0.25744
0.130955 0.46 0.7 -0.5386 -0.392356
0.122561 0.46 0.71 -0.535036 -0.387525
0.113659 0.46 0.72 -0.530878 -0.38278
0.104534 0.46 0.73 -0.526386 -0.378148
0.0953096 0.46 0.74 -0.521696 -0.373614
0.0860579 0.46 0.75 -0.516878 -0.369179
0.0768476 0.46 0.76 -0.512007 -0.36484
0.0677218 0.46 0.77 -0.507117 -0.360605
0.0586306 0.46 0.78 -0.502197 -0.356433
0.0496658 0.46 0.79 -0.4973 -0.352365
0.0440485 0.46 0.8 -0.492438 -0.348389
0.13938 0.47 0.4 -0.416496 -0.244124
0.153046 0.47 0.41 -0.408313 -0.238642
0.166222 0.47 0.42 -0.400388 -0.23339
0.178934 0.47 0.43 -0.392705 -0.228362
0.191192 0.47 0.44 -0.385264 -0.223544
0.117597 0.47 0.45 -0.539547 -0.37805
0.106693 0.47 0.46 -0.535628 -0.371065
0.0948231 0.47 0.47 -0.530526 -0.364297
0.08249 0.47 0.48 -0.524732 -0.357758
0.0699469 0.47 0.49 -0.51853 -0.351417
0.0667914 0.47 0.5 -0.512072 -0.345281
0.0661617 0.47 0.51 -0.505486 -0.339324
0.0652743 0.47 0.52 -0.498838 -0.333563
0.0642105 0.47 0.53 -0.492187 -0.327976
0.0629659 0.47 0.54 -0.48553 -0.322564
0.0616432 0.47 0.55 -0.478966 -0.317323
0.0602445 0.47 0.56 -0.472462 -0.312218
0.0587488 0.47 0.57 -0.466027 -0.307278
0.0572353 0.47 0.58 -0.459725 -0.30249
0.0556649 0.47 0.59 -0.453491 -0.297826
0.0592975 0.47 0.6 -0.447394 -0.293308
0.0696794 0.47 0.61 -0.441401 -0.28892
0.0798149 0.47 0.62 -0.435532 -0.284653
0.0897156 0.47 0.63 -0.42977 -0.280514
0.0993977 0.47 0.64 -0.42413 -0.276472
0.108833 0.47 0.65 -0.418626 -0.272541
0.118059 0.47 0.66 -0.413211 -0.26873
0.127041 0.47 0.67 -0.407943 -0.265016
0.135861 0.47 0.68 -0.402749 -0.26139
0.144412 0.47 0.69 -0.397723 -0.257865
0.131388 0.47 0.7 -0.538622 -0.392766
0.123013 0.47 0.71 -0.535091 -0.387922
0.11415 0.47 0.72 -0.530962 -0.383188
0.105053 0.47 0.73 -0.526498 -0.378555
0.0958473 0.47 0.74 -0.521833 -0.374014
0.0866093 0.47 0.75 -0.517043 -0.369567
0.0774163 0.47 0.76 -0.512181 -0.365235
0.0683037 0.47 0.77 -0.507298 -0.361006
0.0592387 0.47 0.78 -0.502398 -0.356841
0.0502766 0.47 0.79 -0.497514 -0.352763
0.0438695 0.47 0.8 -0.492657 -0.348787
0.138349 0.48 0.4 -0.417024 -0.244627
0.152015 0.48 0.41 -0.408843 -0.239142
0.165188 0.48 0.42 -0.40093 -0.233881
0.177917 0.48 0.43 -0.39324 -0.228843
0.190194 0.48 0.44 -0.385793 -0.224013
0.118156 0.48 0.45 -0.53957 -0.378586
0.107297 0.48 0.46 -0.535702 -0.371595
0.0954687 0.48 0.47 -0.530637 -0.364832
0.0831406 0.48 0.48 -0.524865 -0.358275
0.0706511 0.48 0.49 -0.518715 -0.351936
0.0665011 0.48 0.5 -0.512296 -0.345795
0.065903 0.48 0.51 -0.505741 -0.339838
0.0650371 0.48 0.52 -0.499103 -0.334066
0.0639898 0.48 0.53 -0.492471 -0.328481
0.0627923 0.48 0.54 -0.48585 -0.323058
0.0614789 0.48 0.55 -0.479281 -0.317802
0.0600842 0.48 0.56 -0.472785 -0.312701
0.0586183 0.48 0.57 -0.46638 -0.307762
0.0571077 0.48 0.58 -0.460069 -0.302961
0.0555613 0.48 0.59 -0.45386 -0.298299
0.0584511 0.48 0.6 -0.447765 -0.293784
0.0688422 0.48 0.61 -0.441777 -0.28938
0.0789844 0.48 0.62 -0.435911 -0.285104
0.0888792 0.48 0.63 -0.430172 -0.280949
0.0985477 0.48 0.64 -0.424536 -0.276916
0.107999 0.48 0.65 -0.41902 -0.272981
0.117225 0.48 0.66 -0.41362 -0.269154
0.126229 0.48 0.67 -0.408336 -0.265434
0.135032 0.48 0.68 -0.403163 -0.261805
0.143584 0.48 0.69 -0.398116 -0.2583
0.13182 0.48 0.7 -0.538654 -0.393166
0.123483 0.48 0.71 -0.535161 -0.388322
0.114646 0.48 0.72 -0.531062 -0.383585
0.105543 0.48 0.73 -0.526606 -0.378937
0.0963563 0.48 0.74 -0.52196 -0.374397
0.0871567 0.48 0.75 -0.517185 -0.369971
0.0779839 0.48 0.76 -0.512349 -0.365635
0.068876 0.48 0.77 -0.507495 -0.361381
0.0598118 0.48 0.78 -0.502594 -0.357218
0.0508805 0.48 0.79 -0.497731 -0.35315
0.0437029 0.48 0.8 -0.492874 -0.349171
0.137332 0.49 0.4 -0.417534 -0.245134
0.150992 0.49 0.41 -0.409373 -0.239635
0.1642 0.49 0.42 -0.401446 -0.234354
0.176915 0.49 0.43 -0.39377 -0.229316
0.189207 0.49 0.44 -0.386324 -0.224469
0.1187 0.49 0.45 -0.53959 -0.37911
0.10789 0.49 0.46 -0.535768 -0.372122
0.0961035 0.49 0.47 -0.530748 -0.365355
0.0838257 0.49 0.48 -0.52503 -0.358796
0.0713532 0.49 0.49 -0.518903 -0.35245
0.0662125 0.49 0.5 -0.51251 -0.346297
0.0656407 0.49 0.51 -0.505975 -0.340334
0.0648108 0.49 0.52 -0.499374 -0.334563
0.0637932 0.49 0.53 -0.492768 -0.328975
0.0625975 0.49 0.54 -0.486161 -0.323564
0.0613168 0.49 0.55 -0.479602 -0.318285
0.0599381 0.49 0.56 -0.473119 -0.313181
0.0584956 0.49 0.57 -0.466718 -0.308222
0.0569981 0.49 0.58 -0.460421 -0.303423
0.0554711 0.49 0.59 -0.454213 -0.298742
0.0576393 0.49 0.6 -0.448134 -0.294227
0.0680309 0.49 0.61 -0.442151 -0.289818
0.0781582 0.49 0.62 -0.436288 -0.285554
0.0880413 0.49 0.63 -0.430562 -0.281397
0.0977448 0.49 0.64 -0.424916 -0.277339
0.107222 0.49 0.65 -0.419388 -0.27339
0.116398 0.49 0.66 -0.414013 -0.269589
0.1254 0.49 0.67 -0.408731 -0.265869
0.134196 0.49 0.68 -0.403569 -0.262235
0.1428 0.49 0.69 -0.398507 -0.258693
0.132242 0.49 0.7 -0.538681 -0.393561
0.123932 0.49 0.71 -0.535218 -0.388713
0.115112 0.49 0.72 -0.531135 -0.383976
0.106068 0.49 0.73 -0.526717 -0.379351
0.0969075 0.49 0.74 -0.522098 -0.37481
0.0876897 0.49 0.75 -0.517328 -0.370361
0.0785335 0.49 0.76 -0.512515 -0.366019
0.0694304 0.49 0.77 -0.507661 -0.36177
0.0603934 0.49 0.78 -0.502784 -0.357609
0.051451 0.49 0.79 -0.497921 -0.35353
0.0435348 0.49 0.8 -0.493079 -0.349544
0.136314 0.5 0.4 -0.418062 -0.245624
0.150002 0.5 0.41 -0.409895 -0.240103
0.1632 0.5 0.42 -0.401971 -0.234829
0.17594 0.5 0.43 -0.394291 -0.229769
0.188242 0.5 0.44 -0.386839 -0.224919
0.119236 0.5 0.45 -0.539613 -0.379624
0.108464 0.5 0.46 -0.535828 -0.372636
0.0966992 0.5 0.47 -0.53085 -0.365849
0.0844885 0.5 0.48 -0.525184 -0.359304
0.0720322 0.5 0.49 -0.519085 -0.352947
0.0659298 0.5 0.5 -0.512717 -0.346787
0.0653867 0.5 0.51 -0.506217 -0.34083
0.0646021 0.5 0.52 -0.49965 -0.335048
0.0635866 0.5 0.53 -0.493031 -0.329445
0.0624329 0.5 0.54 -0.486458 -0.324025
0.0611544 0.5 0.55 -0.47992 -0.318765
0.0597984 0.5 0.56 -0.47345 -0.313651
0.0583611 0.5 0.57 -0.467057 -0.308696
0.0568659 0.5 0.58 -0.460763 -0.303897
0.05537 0.5 0.59 -0.454575 -0.299205
0.0568372 0.5 0.6 -0.448494 -0.294669
0.0672175 0.5 0.61 -0.442521 -0.290262
0.0773444 0.5 0.62 -0.436661 -0.285994
0.0872849 0.5 0.63 -0.43091 -0.281805
0.09694 0.5 0.64 -0.425292 -0.277768
0.106398 0.5 0.65 -0.419775 -0.273827
0.115624 0.5 0.66 -0.414381 -0.269995
0.124628 0.5 0.67 -0.409113 -0.266259
0.133417 0.5 0.68 -0.403937 -0.262646
0.142014 0.5 0.69 -0.398886 -0.2591
0.132658 0.5 0.7 -0.538713 -0.393945
0.124369 0.5 0.71 -0.535272 -0.389097
0.115597 0.5 0.72 -0.53123 -0.384366
0.10655 0.5 0.73 -0.526824 -0.379725
0.0974023 0.5 0.74 -0.522224 -0.375178
0.0882391 0.5 0.75 -0.51749 -0.370749
0.0790699 0.5 0.76 -0.512672 -0.366398
0.0699955 0.5 0.77 -0.507839 -0.362157
0.0609593 0.5 0.78 -0.502969 -0.35799
0.0520362 0.5 0.79 -0.498127 -0.353909
0.04338 0.5 0.8 -0.493309 -0.349929
0.135334 0.51 0.4 -0.418563 -0.246103
0.149019 0.51 0.41 -0.410404 -0.240577
0.162235 0.51 0.42 -0.402476 -0.235289
0.174993 0.51 0.43 -0.394793 -0.230214
0.187297 0.51 0.44 -0.387348 -0.225355
0.119761 0.51 0.45 -0.539631 -0.38013
0.109035 0.51 0.46 -0.535894 -0.373141
0.0973188 0.51 0.47 -0.530959 -0.36636
0.0851066 0.51 0.48 -0.525317 -0.359789
0.0727064 0.51 0.49 -0.519263 -0.353443
0.0656509 0.51 0.5 -0.512936 -0.347285
0.0651376 0.51 0.51 -0.506453 -0.341316
0.0643639 0.51 0.52 -0.499896 -0.335532
0.0633811 0.51 0.53 -0.493318 -0.329937
0.062255 0.51 0.54 -0.486748 -0.324493
0.0610047 0.51 0.55 -0.480222 -0.319217
0.0596552 0.51 0.56 -0.473765 -0.31411
0.0582492 0.51 0.57 -0.467392 -0.309143
0.0567767 0.51 0.58 -0.461107 -0.30433
0.0552794 0.51 0.59 -0.454933 -0.299654
0.0560434 0.51 0.6 -0.44885 -0.295107
0.0664386 0.51 0.61 -0.442877 -0.290685
0.0765719 0.51 0.62 -0.43702 -0.286408
0.0864747 0.51 0.63 -0.431289 -0.282236
0.096143 0.51 0.64 -0.425662 -0.278195
0.105602 0.51 0.65 -0.420158 -0.27424
0.114825 0.51 0.66 -0.414771 -0.270404
0.123854 0.51 0.67 -0.409489 -0.266658
0.132654 0.51 0.68 -0.404322 -0.263024
0.141245 0.51 0.69 -0.399268 -0.259487
0.13306 0.51 0.7 -0.538741 -0.394319
0.124793 0.51 0.71 -0.535322 -0.389471
0.11603 0.51 0.72 -0.531298 -0.384732
0.107026 0.51 0.73 -0.526932 -0.380094
0.0979235 0.51 0.74 -0.522347 -0.375576
0.0887628 0.51 0.75 -0.517636 -0.371127
0.0796321 0.51 0.76 -0.512841 -0.366791
0.0705478 0.51 0.77 -0.508013 -0.362535
0.0615205 0.51 0.78 -0.503164 -0.358357
0.0526037 0.51 0.79 -0.498324 -0.354279
0.0438159 0.51 0.8 -0.493515 -0.350301
0.134383 0.52 0.4 -0.419047 -0.246571
0.148071 0.52 0.41 -0.410894 -0.241035
0.16127 0.52 0.42 -0.402988 -0.235742
0.174042 0.52 0.43 -0.395294 -0.230665
0.186347 0.52 0.44 -0.387849 -0.225804
0.120276 0.52 0.45 -0.53965 -0.380626
0.109586 0.52 0.46 -0.535956 -0.373631
0.097921 0.52 0.47 -0.531062 -0.366859
0.0857499 0.52 0.48 -0.525466 -0.360284
0.0733659 0.52 0.49 -0.519436 -0.35393
0.0653754 0.52 0.5 -0.513138 -0.347762
0.0648945 0.52 0.51 -0.506682 -0.341787
0.0641488 0.52 0.52 -0.500148 -0.335999
0.0631944 0.52 0.53 -0.493585 -0.330391
0.0620811 0.52 0.54 -0.487033 -0.324952
0.0608605 0.52 0.55 -0.480537 -0.319677
0.059523 0.52 0.56 -0.474083 -0.31456
0.0581188 0.52 0.57 -0.467705 -0.309586
0.0566753 0.52 0.58 -0.461445 -0.304769
0.0551828 0.52 0.59 -0.455268 -0.300085
0.055241 0.52 0.6 -0.44921 -0.295549
0.0656559 0.52 0.61 -0.443231 -0.291113
0.0757931 0.52 0.62 -0.437378 -0.286829
0.0856851 0.52 0.63 -0.431654 -0.282661
0.0953605 0.52 0.64 -0.426041 -0.278599
0.104807 0.52 0.65 -0.420543 -0.27465
0.114042 0.52 0.66 -0.415146 -0.270812
0.123088 0.52 0.67 -0.409857 -0.267054
0.131879 0.52 0.68 -0.404701 -0.26342
0.140472 0.52 0.69 -0.399648 -0.259879
0.133462 0.52 0.7 -0.538768 -0.394695
0.125243 0.52 0.71 -0.53539 -0.389852
0.116513 0.52 0.72 -0.531394 -0.385119
0.10751 0.52 0.73 -0.527036 -0.380474
0.0984163 0.52 0.74 -0.522475 -0.375941
0.0892678 0.52 0.75 -0.517771 -0.371496
0.0801489 0.52 0.76 -0.512999 -0.36715
0.0710727 0.52 0.77 -0.508173 -0.3629
0.0620781 0.52 0.78 -0.503344 -0.358734
0.0531715 0.52 0.79 -0.498521 -0.354651
0.0443804 0.52 0.8 -0.493713 -0.350667
0.133419 0.53 0.4 -0.419546 -0.247035
0.14713 0.53 0.41 -0.411386 -0.241484
0.160358 0.53 0.42 -0.403468 -0.236174
0.173117 0.53 0.43 -0.395783 -0.2311
0.185466 0.53 0.44 -0.388335 -0.226199
0.120779 0.53 0.45 -0.539672 -0.381107
0.110115 0.53 0.46 -0.53601 -0.374104
0.0985032 0.53 0.47 -0.531162 -0.367342
0.0863694 0.53 0.48 -0.525603 -0.360766
0.0740027 0.53 0.49 -0.519605 -0.354398
0.0650906 0.53 0.5 -0.513334 -0.348243
0.0646512 0.53 0.51 -0.506905 -0.342254
0.063931 0.53 0.52 -0.500395 -0.336464
0.0630035 0.53 0.53 -0.493851 -0.330848
0.0619222 0.53 0.54 -0.487322 -0.3254
0.060711 0.53 0.55 -0.480825 -0.320114
0.0594088 0.53 0.56 -0.474398 -0.31499
0.0580167 0.53 0.57 -0.468038 -0.310021
0.0565766 0.53 0.58 -0.461781 -0.305204
0.0550888 0.53 0.59 -0.455604 -0.300515
0.054497 0.53 0.6 -0.449541 -0.295962
0.064877 0.53 0.61 -0.443586 -0.291537
0.0750176 0.53 0.62 -0.437743 -0.287239
0.0849186 0.53 0.63 -0.432011 -0.28307
0.0946082 0.53 0.64 -0.426394 -0.278997
0.104061 0.53 0.65 -0.420895 -0.275045
0.113286 0.53 0.66 -0.415511 -0.271203
0.122308 0.53 0.67 -0.41023 -0.267461
0.131123 0.53 0.68 -0.405068 -0.26381
0.139735 0.53 0.69 -0.40001 -0.260255
0.133855 0.53 0.7 -0.538791 -0.395064
0.125651 0.53 0.71 -0.535433 -0.390219
0.116957 0.53 0.72 -0.531471 -0.385487
0.107971 0.53 0.73 -0.527128 -0.380843
0.0988969 0.53 0.74 -0.52259 -0.376307
0.0897599 0.53 0.75 -0.517907 -0.371853
0.0806648 0.53 0.76 -0.513148 -0.367517
0.071615 0.53 0.77 -0.50834 -0.363275
0.0626267 0.53 0.78 -0.503528 -0.359098
0.0537231 0.53 0.79 -0.498711 -0.355012
0.0449149 0.53 0.8 -0.493905 -0.351009
0.132493 0.54 0.4 -0.420022 -0.247485
0.146197 0.54 0.41 -0.411871 -0.241931
0.159428 0.54 0.42 -0.403957 -0.236615
0.172209 0.54 0.43 -0.396275 -0.231516
0.184553 0.54 0.44 -0.388821 -0.226626
0.121279 0.54 0.45 -0.539691 -0.381587
0.110655 0.54 0.46 -0.536067 -0.374587
0.0990755 0.54 0.47 -0.531262 -0.367814
0.0869626 0.54 0.48 -0.525734 -0.361228
0.0746595 0.54 0.49 -0.51978 -0.354879
0.0648469 0.54 0.5 -0.513532 -0.348685
0.064421 0.54 0.51 -0.507135 -0.342714
0.0637199 0.54 0.52 -0.50064 -0.33692
0.062815 0.54 0.53 -0.494118 -0.331303
0.0617576 0.54 0.54 -0.487599 -0.325841
0.0605584 0.54 0.55 -0.481117 -0.320558
0.0592643 0.54 0.56 -0.474698 -0.315433
0.0578898 0.54 0.57 -0.468348 -0.310459
0.0564716 0.54 0.58 -0.462097 -0.305625
0.0550072 0.54 0.59 -0.455936 -0.300929
0.0537433 0.54 0.6 -0.44988 -0.296376
0.0641369 0.54 0.61 -0.443929 -0.291934
0.0742473 0.54 0.62 -0.438101 -0.287652
0.0841793 0.54 0.63 -0.43236 -0.28346
0.0938507 0.54 0.64 -0.426755 -0.279394
0.103308 0.54 0.65 -0.421253 -0.27544
0.112535 0.54 0.66 -0.415875 -0.271589
0.121584 0.54 0.67 -0.410579 -0.267837
0.130383 0.54 0.68 -0.405429 -0.264188
0.138997 0.54 0.69 -0.400376 -0.260628
0.134239 0.54 0.7 -0.538818 -0.395421
0.126084 0.54 0.71 -0.535498 -0.390586
0.117389 0.54 0.72 -0.531535 -0.385854
0.108437 0.54 0.73 -0.527228 -0.381209
0.0993659 0.54 0.74 -0.522709 -0.376657
0.0902694 0.54 0.75 -0.518047 -0.372222
0.0811724 0.54 0.76 -0.513299 -0.367874
0.0721355 0.54 0.77 -0.508519 -0.363617
0.063135 0.54 0.78 -0.503687 -0.359448
0.0542818 0.54 0.79 -0.498908 -0.355374
0.0454792 0.54 0.8 -0.494113 -0.351366
0.131564 0.55 0.4 -0.420506 -0.24793
0.14527 0.55 0.41 -0.412351 -0.24238
0.158523 0.55 0.42 -0.40444 -0.237037
0.171315 0.55 0.43 -0.39675 -0.231935
0.183669 0.55 0.44 -0.389294 -0.227037
0.121773 0.55 0.45 -0.539711 -0.382062
0.111189 0.55 0.46 -0.536127 -0.375062
0.0996293 0.55 0.47 -0.531354 -0.368275
0.0875806 0.55 0.48 -0.525881 -0.3617
0.0752709 0.55 0.49 -0.519941 -0.35533
0.064579 0.55 0.5 -0.513723 -0.349144
0.0641835 0.55 0.51 -0.507345 -0.343162
0.0635225 0.55 0.52 -0.500882 -0.337359
0.0626358 0.55 0.53 -0.494372 -0.331736
0.0615921 0.55 0.54 -0.487875 -0.326283
0.0604145 0.55 0.55 -0.481406 -0.320992
0.0591352 0.55 0.56 -0.474997 -0.315862
0.0577865 0.55 0.57 -0.468667 -0.310881
0.0563767 0.55 0.58 -0.462418 -0.306042
0.0549176 0.55 0.59 -0.456263 -0.301345
0.0534146 0.55 0.6 -0.450214 -0.2968
0.0633774 0.55 0.61 -0.444269 -0.292353
0.0735295 0.55 0.62 -0.43843 -0.288041
0.0834504 0.55 0.63 -0.432705 -0.283844
0.0931064 0.55 0.64 -0.42711 -0.279783
0.102572 0.55 0.65 -0.421605 -0.275823
0.111818 0.55 0.66 -0.416219 -0.271963
0.120834 0.55 0.67 -0.410951 -0.268215
0.129667 0.55 0.68 -0.405781 -0.264552
0.138268 0.55 0.69 -0.40073 -0.261001
0.134628 0.55 0.7 -0.538846 -0.395783
0.126487 0.55 0.71 -0.535544 -0.390943
0.117821 0.55 0.72 -0.531616 -0.386205
0.108881 0.55 0.73 -0.527332 -0.381548
0.0998503 0.55 0.74 -0.522827 -0.377023
0.0907644 0.55 0.75 -0.518182 -0.372582
0.081673 0.55 0.76 -0.51345 -0.368223
0.0726556 0.55 0.77 -0.50868 -0.363976
0.0636824 0.55 0.78 -0.503882 -0.359801
0.0548011 0.55 0.79 -0.499089 -0.355712
0.0460154 0.55 0.8 -0.494305 -0.351711
0.13066 0.56 0.4 -0.420972 -0.248368
0.144377 0.56 0.41 -0.412828 -0.242795
0.157632 0.56 0.42 -0.404902 -0.237466
0.170458 0.56 0.43 -0.397212 -0.23233
0.18281 0.56 0.44 -0.389754 -0.227436
0.122257 0.56 0.45 -0.539725 -0.382532
0.111692 0.56 0.46 -0.536183 -0.375509
0.100195 0.56 0.47 -0.531451 -0.368743
0.0881541 0.56 0.48 -0.526006 -0.362148
0.0758848 0.56 0.49 -0.520101 -0.355784
0.0643205 0.56 0.5 -0.513917 -0.349597
0.0639581 0.56 0.51 -0.507562 -0.343604
0.063299 0.56 0.52 -0.50111 -0.337811
0.062455 0.56 0.53 -0.494625 -0.33217
0.0614364 0.56 0.54 -0.488138 -0.326702
0.0602502 0.56 0.55 -0.481682 -0.321432
0.0590253 0.56 0.56 -0.4753 -0.316275
0.0576777 0.56 0.57 -0.468967 -0.31129
0.056282 0.56 0.58 -0.462738 -0.306456
0.0548399 0.56 0.59 -0.456581 -0.301741
0.0533581 0.56 0.6 -0.450541 -0.297183
0.0626366 0.56 0.61 -0.444602 -0.292761
0.0727922 0.56 0.62 -0.438773 -0.288435
0.0827024 0.56 0.63 -0.433053 -0.284245
0.0923948 0.56 0.64 -0.427439 -0.280166
0.101851 0.56 0.65 -0.421951 -0.276198
0.111097 0.56 0.66 -0.416562 -0.272341
0.120118 0.56 0.67 -0.4113 -0.268581
0.128952 0.56 0.68 -0.406127 -0.264921
0.137557 0.56 0.69 -0.401084 -0.261359
0.135011 0.56 0.7 -0.538868 -0.396143
0.126873 0.56 0.71 -0.535591 -0.391282
0.118244 0.56 0.72 -0.531687 -0.386558
0.109338 0.56 0.73 -0.527424 -0.381913
0.100318 0.56 0.74 -0.522943 -0.377375
0.0912483 0.56 0.75 -0.518315 -0.372933
0.0821674 0.56 0.76 -0.513596 -0.368572
0.0731425 0.56 0.77 -0.508832 -0.36431
0.0641974 0.56 0.78 -0.504057 -0.36014
0.0553185 0.56 0.79 -0.499257 -0.356061
0.0465632 0.56 0.8 -0.494503 -0.35206
0.129807 0.57 0.4 -0.421415 -0.248778
0.143513 0.57 0.41 -0.413277 -0.24321
0.156787 0.57 0.42 -0.405361 -0.237852
0.169574 0.57 0.43 -0.397688 -0.232738
0.181973 0.57 0.44 -0.390216 -0.227811
0.122732 0.57 0.45 -0.539742 -0.38299
0.11222 0.57 0.46 -0.53624 -0.375979
0.100724 0.57 0.47 -0.531542 -0.369182
0.0887329 0.57 0.48 -0.526132 -0.362601
0.0764804 0.57 0.49 -0.520258 -0.356222
0.0641459 0.57 0.5 -0.514105 -0.350041
0.0637254 0.57 0.51 -0.507771 -0.344045
0.0631053 0.57 0.52 -0.501343 -0.338238
0.0622798 0.57 0.53 -0.494876 -0.332596
0.0612712 0.57 0.54 -0.488405 -0.327134
0.0601354 0.57 0.55 -0.48197 -0.321834
0.0588903 0.57 0.56 -0.475586 -0.316695
0.0575744 0.57 0.57 -0.469267 -0.311692
0.0561875 0.57 0.58 -0.463042 -0.306855
0.0547466 0.57 0.59 -0.456894 -0.302148
0.0532847 0.57 0.6 -0.450867 -0.297582
0.0619395 0.57 0.61 -0.444927 -0.293134
0.0720592 0.57 0.62 -0.439113 -0.288828
0.0819886 0.57 0.63 -0.433385 -0.284626
0.0916785 0.57 0.64 -0.427776 -0.280545
0.101139 0.57 0.65 -0.42229 -0.276571
0.11038 0.57 0.66 -0.416915 -0.272705
0.119412 0.57 0.67 -0.411643 -0.268944
0.128226 0.57 0.68 -0.406487 -0.265287
0.136852 0.57 0.69 -0.401431 -0.261717
0.135385 0.57 0.7 -0.5389 -0.396485
0.127286 0.57 0.71 -0.535641 -0.391645
0.118661 0.57 0.72 -0.53177 -0.386891
0.109787 0.57 0.73 -0.527526 -0.382261
0.100772 0.57 0.74 -0.523055 -0.377717
0.0917191 0.57 0.75 -0.518451 -0.373268
0.0826622 0.57 0.76 -0.513742 -0.36892
0.0736577 0.57 0.77 -0.508992 -0.364665
0.0647082 0.57 0.78 -0.504227 -0.360482
0.0558378 0.57 0.79 -0.499446 -0.356392
0.0470966 0.57 0.8 -0.494695 -0.352401
0.12891 0.58 0.4 -0.421875 -0.249214
0.142645 0.58 0.41 -0.413737 -0.243618
0.15593 0.58 0.42 -0.405807 -0.238264
0.168745 0.58 0.43 -0.398132 -0.233122
0.181139 0.58 0.44 -0.39066 -0.228201
0.123208 0.58 0.45 -0.53976 -0.383448
0.112718 0.58 0.46 -0.536291 -0.376427
0.101262 0.58 0.47 -0.531634 -0.369628
0.0892923 0.58 0.48 -0.52625 -0.363042
0.0770705 0.58 0.49 -0.520413 -0.356658
0.0647659 0.58 0.5 -0.51429 -0.350476
0.0635005 0.58 0.51 -0.507977 -0.344477
0.0629163 0.58 0.52 -0.501577 -0.338661
0.0620956 0.58 0.53 -0.495123 -0.333027
0.0611162 0.58 0.54 -0.488665 -0.327549
0.0600507 0.58 0.55 -0.482277 -0.322226
0.0587749 0.58 0.56 -0.475874 -0.317099
0.0574788 0.58 0.57 -0.469574 -0.312095
0.0560963 0.58 0.58 -0.46336 -0.307264
0.0546734 0.58 0.59 -0.457215 -0.302541
0.0532166 0.58 0.6 -0.451182 -0.297965
0.0612309 0.58 0.61 -0.445249 -0.29352
0.0713656 0.58 0.62 -0.439437 -0.289198
0.0812984 0.58 0.63 -0.433719 -0.284983
0.0909702 0.58 0.64 -0.428122 -0.280908
0.100431 0.58 0.65 -0.422638 -0.276931
0.109669 0.58 0.66 -0.417259 -0.273072
0.118719 0.58 0.67 -0.411982 -0.269299
0.127543 0.58 0.68 -0.406825 -0.265632
0.136169 0.58 0.69 -0.401771 -0.26206
0.135743 0.58 0.7 -0.538919 -0.396824
0.127669 0.58 0.71 -0.535689 -0.391981
0.119083 0.58 0.72 -0.531838 -0.387245
0.1102 0.58 0.73 -0.527619 -0.382581
0.101234 0.58 0.74 -0.523173 -0.378061
0.0921754 0.58 0.75 -0.518562 -0.373614
0.0831466 0.58 0.76 -0.513887 -0.36926
0.0741393 0.58 0.77 -0.509143 -0.364996
0.0652029 0.58 0.78 -0.504391 -0.360812
0.0563589 0.58 0.79 -0.499633 -0.356726
0.0476028 0.58 0.8 -0.494876 -0.352727
0.12806 0.59 0.4 -0.422323 -0.249617
0.141795 0.59 0.41 -0.414178 -0.244027
0.155089 0.59 0.42 -0.406261 -0.23865
0.16794 0.59 0.43 -0.398564 -0.233496
0.180306 0.59 0.44 -0.391117 -0.228577
0.12366 0.59 0.45 -0.539779 -0.383881
0.113208 0.59 0.46 -0.536342 -0.376865
0.101811 0.59 0.47 -0.53173 -0.370081
0.0898513 0.59 0.48 -0.526377 -0.363474
0.0776606 0.59 0.49 -0.520568 -0.357093
0.0653678 0.59 0.5 -0.51447 -0.350898
0.0632916 0.59 0.51 -0.508187 -0.344896
0.0627199 0.59 0.52 -0.5018 -0.33908
0.0619355 0.59 0.53 -0.495364 -0.333428
0.0609675 0.59 0.54 -0.488929 -0.327962
0.0598627 0.59 0.55 -0.482512 -0.32265
0.0586595 0.59 0.56 -0.476154 -0.317494
0.0573624 0.59 0.57 -0.469863 -0.3125
0.0560172 0.59 0.58 -0.463654 -0.307636
0.0545979 0.59 0.59 -0.457528 -0.30293
0.0531537 0.59 0.6 -0.4515 -0.298346
0.0605271 0.59 0.61 -0.445573 -0.2939
0.0706641 0.59 0.62 -0.439762 -0.289574
0.0805852 0.59 0.63 -0.434052 -0.285363
0.0902728 0.59 0.64 -0.42845 -0.281277
0.0997388 0.59 0.65 -0.422965 -0.277296
0.108999 0.59 0.66 -0.417581 -0.27342
0.118032 0.59 0.67 -0.412318 -0.26965
0.126854 0.59 0.68 -0.407163 -0.265982
0.135485 0.59 0.69 -0.402109 -0.262406
0.136103 0.59 0.7 -0.538938 -0.397165
0.128056 0.59 0.71 -0.535736 -0.39232
0.119489 0.59 0.72 -0.531908 -0.387581
0.110638 0.59 0.73 -0.527699 -0.382939
0.101669 0.59 0.74 -0.523272 -0.378397
0.0926447 0.59 0.75 -0.518701 -0.373944
0.0836122 0.59 0.76 -0.514024 -0.369588
0.0746267 0.59 0.77 -0.509304 -0.365322
0.0657092 0.59 0.78 -0.504558 -0.361151
0.0568645 0.59 0.79 -0.499806 -0.357058
0.0481326 0.59 0.8 -0.495069 -0.353063
0.127236 0.6 0.4 -0.422744 -0.25002
0.14097 0.6 0.41 -0.414622 -0.244408
0.154262 0.6 0.42 -0.406698 -0.23904
0.167103 0.6 0.43 -0.399002 -0.233896
0.179494 0.6 0.44 -0.391549 -0.228957
0.124111 0.6 0.45 -0.539794 -0.384317
0.1137 0.6 0.46 -0.536403 -0.377297
0.102297 0.6 0.47 -0.531803 -0.370493
0.0903941 0.6 0.48 -0.526492 -0.363902
0.0782373 0.6 0.49 -0.520716 -0.357522
0.0659692 0.6 0.5 -0.514646 -0.351323
0.0630668 0.6 0.51 -0.508377 -0.34531
0.062533 0.6 0.52 -0.502027 -0.339494
0.0617643 0.6 0.53 -0.495605 -0.333841
0.0608173 0.6 0.54 -0.489178 -0.32836
0.059735 0.6 0.55 -0.482781 -0.323046
0.0585416 0.6 0.56 -0.476435 -0.317894
0.057267 0.6 0.57 -0.470152 -0.312885
0.0559196 0.6 0.58 -0.463946 -0.308027
0.0545132 0.6 0.59 -0.457834 -0.303321
0.0530838 0.6 0.6 -0.451807 -0.298723
0.0598438 0.6 0.61 -0.445889 -0.294267
0.0699825 0.6 0.62 -0.440079 -0.289938
0.0799137 0.6 0.63 -0.434365 -0.285721
0.0895867 0.6 0.64 -0.42878 -0.281633
0.0990551 0.6 0.65 -0.423294 -0.277651
0.108311 0.6 0.66 -0.417918 -0.27377
0.117345 0.6 0.67 -0.412653 -0.270002
0.126198 0.6 0.68 -0.407488 -0.266314
0.134824 0.6 0.69 -0.402439 -0.262737
0.136453 0.6 0.7 -0.538961 -0.397491
0.12843 0.6 0.71 -0.535778 -0.392652
0.119888 0.6 0.72 -0.531977 -0.387911
0.111058 0.6 0.73 -0.527797 -0.383261
0.102108 0.6 0.74 -0.523387 -0.378721
0.0930771 0.6 0.75 -0.518813 -0.374264
0.0840641 0.6 0.76 -0.514149 -0.369915
0.0751074 0.6 0.77 -0.509454 -0.365654
0.0661819 0.6 0.78 -0.504712 -0.36147
0.0573674 0.6 0.79 -0.499983 -0.357385
0.0486334 0.6 0.8 -0.495253 -0.35338
0.126427 0.61 0.4 -0.423168 -0.250405
0.140153 0.61 0.41 -0.415044 -0.244802
0.153467 0.61 0.42 -0.407133 -0.239401
0.166299 0.61 0.43 -0.399438 -0.234263
0.178697 0.61 0.44 -0.391985 -0.229318
0.124554 0.61 0.45 -0.53981 -0.384744
0.114178 0.61 0.46 -0.536447 -0.37773
0.102813 0.61 0.47 -0.531893 -0.37092
0.0909205 0.61 0.48 -0.526605 -0.364316
0.0787944 0.61 0.49 -0.520865 -0.357929
0.0665511 0.61 0.5 -0.51482 -0.351731
0.0628636 0.61 0.51 -0.50859 -0.345726
0.0623433 0.61 0.52 -0.502235 -0.339891
0.0616052 0.61 0.53 -0.495846 -0.33424
0.0606828 0.61 0.54 -0.489441 -0.328758
0.0596069 0.61 0.55 -0.483049 -0.323442
0.0584294 0.61 0.56 -0.47671 -0.318281
0.0571608 0.61 0.57 -0.47043 -0.313269
0.0558296 0.61 0.58 -0.464237 -0.308408
0.0544473 0.61 0.59 -0.458132 -0.303684
0.0529871 0.61 0.6 -0.452063 -0.299076
0.0591835 0.61 0.61 -0.446197 -0.29462
0.0693095 0.61 0.62 -0.440394 -0.290296
0.0792258 0.61 0.63 -0.434697 -0.286077
0.0889111 0.61 0.64 -0.429099 -0.28199
0.0983889 0.61 0.65 -0.423608 -0.278003
0.107643 0.61 0.66 -0.418243 -0.274114
0.11669 0.61 0.67 -0.412975 -0.270335
0.125529 0.61 0.68 -0.407818 -0.266654
0.134155 0.61 0.69 -0.402769 -0.263076
0.136817 0.61 0.7 -0.538986 -0.397831
0.128809 0.61 0.71 -0.535825 -0.392984
0.120283 0.61 0.72 -0.532046 -0.388237
0.111492 0.61 0.73 -0.527886 -0.383607
0.102542 0.61 0.74 -0.523489 -0.379053
0.0935325 0.61 0.75 -0.518929 -0.374604
0.0845457 0.61 0.76 -0.514299 -0.370246
0.0755638 0.61 0.77 -0.509592 -0.365972
0.0666738 0.61 0.78 -0.504877 -0.361797
0.0578503 0.61 0.79 -0.500146 -0.357705
0.0491168 0.61 0.8 -0.495425 -0.353692
0.12558 0.62 0.4 -0.423607 -0.250813
0.139361 0.62 0.41 -0.415464 -0.245175
0.152645 0.62 0.42 -0.407553 -0.239801
0.165503 0.62 0.43 -0.399871 -0.234626
0.177903 0.62 0.44 -0.39242 -0.229677
0.124996 0.62 0.45 -0.539824 -0.385172
0.114639 0.62 0.46 -0.536491 -0.378148
0.103307 0.62 0.47 -0.531974 -0.371333
0.0914637 0.62 0.48 -0.526725 -0.364738
0.0793638 0.62 0.49 -0.521013 -0.35835
0.0671269 0.62 0.5 -0.514986 -0.352141
0.062646 0.62 0.51 -0.508775 -0.346129
0.0621552 0.62 0.52 -0.502441 -0.340286
0.0614316 0.62 0.53 -0.496071 -0.334639
0.0605258 0.62 0.54 -0.489676 -0.32915
0.0594795 0.62 0.55 -0.483305 -0.323825
0.05832 0.62 0.56 -0.476981 -0.318661
0.057066 0.62 0.57 -0.470717 -0.313651
0.0557478 0.62 0.58 -0.464528 -0.30878
0.0543717 0.62 0.59 -0.458422 -0.304051
0.0529574 0.62 0.6 -0.452416 -0.299458
0.0584988 0.62 0.61 -0.446511 -0.29499
0.0686382 0.62 0.62 -0.440705 -0.290656
0.0785498 0.62 0.63 -0.435013 -0.286437
0.0882519 0.62 0.64 -0.429416 -0.282332
0.0977278 0.62 0.65 -0.423928 -0.278344
0.106978 0.62 0.66 -0.418567 -0.274455
0.116034 0.62 0.67 -0.413294 -0.270671
0.124871 0.62 0.68 -0.408141 -0.266988
0.133495 0.62 0.69 -0.403098 -0.263406
0.137146 0.62 0.7 -0.539008 -0.398139
0.12918 0.62 0.71 -0.535873 -0.393308
0.12067 0.62 0.72 -0.532111 -0.388559
0.111889 0.62 0.73 -0.527972 -0.383916
0.102961 0.62 0.74 -0.523591 -0.37937
0.0939913 0.62 0.75 -0.519066 -0.374926
0.0849998 0.62 0.76 -0.514431 -0.370569
0.0760487 0.62 0.77 -0.509746 -0.366303
0.0671504 0.62 0.78 -0.505036 -0.362114
0.0583389 0.62 0.79 -0.50032 -0.358019
0.0496077 0.62 0.8 -0.495605 -0.354003
0.124803 0.63 0.4 -0.424012 -0.251185
0.138556 0.63 0.41 -0.415884 -0.24556
0.151865 0.63 0.42 -0.407974 -0.240161
0.164717 0.63 0.43 -0.400288 -0.234994
0.177143 0.63 0.44 -0.392831 -0.230026
0.125418 0.63 0.45 -0.539842 -0.385575
0.115091 0.63 0.46 -0.536533 -0.378558
0.103807 0.63 0.47 -0.532059 -0.371748
0.0919914 0.63 0.48 -0.526841 -0.365151
0.0798899 0.63 0.49 -0.521151 -0.358739
0.0676947 0.63 0.5 -0.515157 -0.352537
0.0624395 0.63 0.51 -0.508961 -0.346522
0.0619652 0.63 0.52 -0.502655 -0.34069
0.0612681 0.63 0.53 -0.496297 -0.335029
0.0603886 0.63 0.54 -0.489926 -0.329538
0.0593497 0.63 0.55 -0.483556 -0.324206
0.0582117 0.63 0.56 -0.477244 -0.319032
0.0569729 0.63 0.57 -0.470998 -0.314025
0.0556626 0.63 0.58 -0.464816 -0.309154
0.0543177 0.63 0.59 -0.458728 -0.30441
0.0528998 0.63 0.6 -0.452716 -0.299816
0.0578367 0.63 0.61 -0.446813 -0.29535
0.0679824 0.63 0.62 -0.441013 -0.291004
0.0779042 0.63 0.63 -0.435317 -0.286779
0.0875958 0.63 0.64 -0.42973 -0.282674
0.0970776 0.63 0.65 -0.42425 -0.278672
0.106332 0.63 0.66 -0.418881 -0.274787
0.115378 0.63 0.67 -0.413618 -0.271004
0.124229 0.63 0.68 -0.408459 -0.267311
0.132864 0.63 0.69 -0.403413 -0.263723
0.137485 0.63 0.7 -0.539022 -0.398463
0.129531 0.63 0.71 -0.535921 -0.39361
0.121044 0.63 0.72 -0.532174 -0.38887
0.112291 0.63 0.73 -0.528056 -0.384236
0.103385 0.63 0.74 -0.523697 -0.379688
0.0944107 0.63 0.75 -0.519173 -0.375238
0.0854459 0.63 0.76 -0.514563 -0.370883
0.0765059 0.63 0.77 -0.509893 -0.366612
0.0676153 0.63 0.78 -0.505194 -0.362421
0.0588116 0.63 0.79 -0.500484 -0.358328
0.0501109 0.63 0.8 -0.49578 -0.354331
0.123998 0.64 0.4 -0.424431 -0.251571
0.137756 0.64 0.41 -0.416298 -0.245946
0.151089 0.64 0.42 -0.408387 -0.240525
0.163962 0.64 0.43 -0.400707 -0.235332
0.176406 0.64 0.44 -0.393228 -0.230367
0.125858 0.64 0.45 -0.539856 -0.386003
0.115549 0.64 0.46 -0.536585 -0.378964
0.10429 0.64 0.47 -0.532138 -0.372153
0.0925179 0.64 0.48 -0.526953 -0.365564
0.0804318 0.64 0.49 -0.52129 -0.359142
0.06825 0.64 0.5 -0.51532 -0.35293
0.0622458 0.64 0.51 -0.509163 -0.346917
0.0617931 0.64 0.52 -0.50287 -0.341077
0.0611183 0.64 0.53 -0.496524 -0.335405
0.0602472 0.64 0.54 -0.490162 -0.329915
0.0592337 0.64 0.55 -0.483817 -0.324583
0.0581008 0.64 0.56 -0.477508 -0.319407
0.0568817 0.64 0.57 -0.471262 -0.31438
0.0555843 0.64 0.58 -0.465091 -0.309507
0.0542312 0.64 0.59 -0.458998 -0.304767
0.0528417 0.64 0.6 -0.453011 -0.30017
0.0571963 0.64 0.61 -0.447109 -0.295695
0.0673331 0.64 0.62 -0.441316 -0.291351
0.0772553 0.64 0.63 -0.435623 -0.287122
0.0869583 0.64 0.64 -0.430035 -0.283007
0.0964224 0.64 0.65 -0.424565 -0.279013
0.105694 0.64 0.66 -0.419188 -0.275118
0.114749 0.64 0.67 -0.413931 -0.27132
0.123595 0.64 0.68 -0.408771 -0.267634
0.132242 0.64 0.69 -0.403723 -0.264035
0.137821 0.64 0.7 -0.539045 -0.398775
0.129914 0.64 0.71 -0.535965 -0.393949
0.121432 0.64 0.72 -0.532242 -0.38919
0.112683 0.64 0.73 -0.528137 -0.384546
0.103813 0.64 0.74 -0.523803 -0.380011
0.0948462 0.64 0.75 -0.519298 -0.375548
0.0858918 0.64 0.76 -0.514706 -0.371186
0.0769536 0.64 0.77 -0.510036 -0.366918
0.0680842 0.64 0.78 -0.505347 -0.362737
0.0592902 0.64 0.79 -0.50065 -0.35864
0.050564 0.64 0.8 -0.495946 -0.354618
0.123218 0.65 0.4 -0.424835 -0.251947
0.137016 0.65 0.41 -0.416704 -0.24628
0.150318 0.65 0.42 -0.408803 -0.24088
0.163199 0.65 0.43 -0.401113 -0.235688
0.175646 0.65 0.44 -0.393646 -0.230708
0.126268 0.65 0.45 -0.539866 -0.386401
0.115994 0.65 0.46 -0.536626 -0.379368
0.104768 0.65 0.47 -0.532212 -0.372557
0.0930233 0.65 0.48 -0.527068 -0.365955
0.0809632 0.65 0.49 -0.521426 -0.359537
0.068812 0.65 0.5 -0.515487 -0.353325
0.0620357 0.65 0.51 -0.509336 -0.3473
0.0616189 0.65 0.52 -0.503074 -0.341455
0.060955 0.65 0.53 -0.496748 -0.335793
0.0601166 0.65 0.54 -0.490397 -0.330281
0.0591208 0.65 0.55 -0.484068 -0.324947
0.0579937 0.65 0.56 -0.477773 -0.319779
0.0567888 0.65 0.57 -0.471535 -0.314746
0.0555042 0.65 0.58 -0.465371 -0.309867
0.0541753 0.65 0.59 -0.459296 -0.305121
0.0527826 0.65 0.6 -0.453298 -0.300515
0.0565554 0.65 0.61 -0.447401 -0.296044
0.0667183 0.65 0.62 -0.441607 -0.291675
0.0766151 0.65 0.63 -0.435926 -0.287459
0.0863174 0.65 0.64 -0.43034 -0.283343
0.0957958 0.65 0.65 -0.424869 -0.279336
0.105059 0.65 0.66 -0.4195 -0.275441
0.114116 0.65 0.67 -0.414238 -0.271647
0.122966 0.65 0.68 -0.409081 -0.267953
0.131597 0.65 0.69 -0.404046 -0.264357
0.138158 0.65 0.7 -0.539067 -0.399091
0.130245 0.65 0.71 -0.535998 -0.394247
0.121815 0.65 0.72 -0.532308 -0.389507
0.113074 0.65 0.73 -0.528225 -0.384849
0.104203 0.65 0.74 -0.523895 -0.380308
0.09527 0.65 0.75 -0.519411 -0.375859
0.086327 0.65 0.76 -0.514827 -0.3715
0.0773985 0.65 0.77 -0.510175 -0.367223
0.0685401 0.65 0.78 -0.505499 -0.363041
0.0597518 0.65 0.79 -0.500807 -0.358945
0.0510588 0.65 0.8 -0.49613 -0.354929
0.122468 0.66 0.4 -0.425229 -0.252302
0.13625 0.66 0.41 -0.417106 -0.246644
0.149581 0.66 0.42 -0.409195 -0.241223
0.162469 0.66 0.43 -0.401508 -0.236023
0.174921 0.66 0.44 -0.394041 -0.231038
0.126676 0.66 0.45 -0.539883 -0.386792
0.116443 0.66 0.46 -0.536672 -0.379771
0.105247 0.66 0.47 -0.532292 -0.372955
0.0935069 0.66 0.48 -0.52717 -0.366337
0.0814941 0.66 0.49 -0.52157 -0.359924
0.0693547 0.66 0.5 -0.515643 -0.353712
0.0618461 0.66 0.51 -0.509521 -0.347675
0.061449 0.66 0.52 -0.503281 -0.341832
0.0608041 0.66 0.53 -0.49696 -0.336156
0.0599779 0.66 0.54 -0.490632 -0.330655
0.058984 0.66 0.55 -0.484308 -0.325324
0.0578917 0.66 0.56 -0.47803 -0.320138
0.0567028 0.66 0.57 -0.471804 -0.315101
0.0554182 0.66 0.58 -0.465639 -0.31022
0.0540934 0.66 0.59 -0.45957 -0.305477
0.0527191 0.66 0.6 -0.45358 -0.300861
0.0559191 0.66 0.61 -0.4477 -0.29638
0.0660672 0.66 0.62 -0.441906 -0.292027
0.0759872 0.66 0.63 -0.436225 -0.287787
0.0856888 0.66 0.64 -0.430644 -0.283667
0.0951703 0.66 0.65 -0.42517 -0.279659
0.104438 0.66 0.66 -0.419806 -0.275755
0.11349 0.66 0.67 -0.414548 -0.271962
0.122342 0.66 0.68 -0.409386 -0.268271
0.130998 0.66 0.69 -0.404344 -0.264658
0.138474 0.66 0.7 -0.539081 -0.399393
0.130612 0.66 0.71 -0.536044 -0.394567
0.122176 0.66 0.72 -0.532367 -0.389808
0.113471 0.66 0.73 -0.528305 -0.385166
0.10461 0.66 0.74 -0.523994 -0.380616
0.0956752 0.66 0.75 -0.519519 -0.376157
0.0867516 0.66 0.76 -0.514953 -0.371798
0.077843 0.66 0.77 -0.510309 -0.367534
0.0689905 0.66 0.78 -0.505648 -0.363342
0.0602107 0.66 0.79 -0.500968 -0.359243
0.0515345 0.66 0.8 -0.496297 -0.355237
0.121726 0.67 0.4 -0.425616 -0.252658
0.13551 0.67 0.41 -0.417498 -0.246992
0.148849 0.67 0.42 -0.409595 -0.241556
0.16173 0.67 0.43 -0.401912 -0.236358
0.174186 0.67 0.44 -0.394443 -0.23137
0.127087 0.67 0.45 -0.539896 -0.387192
0.116876 0.67 0.46 -0.536716 -0.38016
0.10571 0.67 0.47 -0.532369 -0.373342
0.0940043 0.67 0.48 -0.527274 -0.366731
0.0820172 0.67 0.49 -0.521705 -0.360312
0.069893 0.67 0.5 -0.515801 -0.354092
0.0616408 0.67 0.51 -0.509701 -0.348061
0.0612718 0.67 0.52 -0.503472 -0.3422
0.0606481 0.67 0.53 -0.497179 -0.336531
0.059837 0.67 0.54 -0.490858 -0.331021
0.0588779 0.67 0.55 -0.484553 -0.325675
0.0577892 0.67 0.56 -0.478278 -0.320489
0.0566064 0.67 0.57 -0.472058 -0.315451
0.0553464 0.67 0.58 -0.465906 -0.31056
0.0540273 0.67 0.59 -0.45985 -0.305823
0.0526613 0.67 0.6 -0.453867 -0.301206
0.055302 0.67 0.61 -0.447983 -0.296715
0.0654524 0.67 0.62 -0.442203 -0.292345
0.0753684 0.67 0.63 -0.436518 -0.288113
0.0850761 0.67 0.64 -0.430941 -0.283983
0.0945478 0.67 0.65 -0.425481 -0.279971
0.103816 0.67 0.66 -0.420113 -0.276071
0.112883 0.67 0.67 -0.414848 -0.272269
0.121739 0.67 0.68 -0.409694 -0.268567
0.130392 0.67 0.69 -0.404641 -0.264968
0.138813 0.67 0.7 -0.539104 -0.399709
0.130947 0.67 0.71 -0.536089 -0.394858
0.122541 0.67 0.72 -0.532429 -0.390113
0.11385 0.67 0.73 -0.528383 -0.385467
0.105011 0.67 0.74 -0.524093 -0.380919
0.0961043 0.67 0.75 -0.519642 -0.376463
0.0871725 0.67 0.76 -0.515076 -0.372097
0.0782753 0.67 0.77 -0.510453 -0.367822
0.0694233 0.67 0.78 -0.505787 -0.363636
0.0606619 0.67 0.79 -0.501123 -0.359538
0.0519799 0.67 0.8 -0.496457 -0.355523
0.120972 0.68 0.4 -0.426011 -0.253017
0.134761 0.68 0.41 -0.417894 -0.247345
0.148122 0.68 0.42 -0.409979 -0.241899
0.161021 0.68 0.43 -0.40229 -0.236689
0.173464 0.68 0.44 -0.394837 -0.231699
0.127492 0.68 0.45 -0.539908 -0.387583
0.117305 0.68 0.46 -0.536757 -0.380548
0.106157 0.68 0.47 -0.532439 -0.373718
0.0944832 0.68 0.48 -0.527384 -0.367099
0.0825303 0.68 0.49 -0.521834 -0.360696
0.07043 0.68 0.5 -0.515964 -0.354466
0.0614561 0.68 0.51 -0.509885 -0.348428
0.0610975 0.68 0.52 -0.503668 -0.342571
0.0604967 0.68 0.53 -0.49739 -0.336893
0.0597062 0.68 0.54 -0.491085 -0.331379
0.0587623 0.68 0.55 -0.484789 -0.326027
0.0576877 0.68 0.56 -0.478529 -0.320842
0.0565154 0.68 0.57 -0.472316 -0.315801
0.055274 0.68 0.58 -0.466181 -0.310907
0.0539739 0.68 0.59 -0.460121 -0.306147
0.052615 0.68 0.6 -0.454155 -0.30154
0.0546961 0.68 0.61 -0.448264 -0.29704
0.0648383 0.68 0.62 -0.442477 -0.292685
0.0747594 0.68 0.63 -0.436807 -0.288434
0.0844548 0.68 0.64 -0.431234 -0.284311
0.093953 0.68 0.65 -0.425759 -0.280288
0.103215 0.68 0.66 -0.420407 -0.276378
0.112273 0.68 0.67 -0.415154 -0.272572
0.12114 0.68 0.68 -0.409993 -0.268867
0.1298 0.68 0.69 -0.404946 -0.265254
0.139121 0.68 0.7 -0.539126 -0.399995
0.131283 0.68 0.71 -0.536128 -0.395154
0.122904 0.68 0.72 -0.532493 -0.390411
0.114219 0.68 0.73 -0.528454 -0.385765
0.105417 0.68 0.74 -0.524193 -0.381224
0.09651 0.68 0.75 -0.519751 -0.376759
0.0875904 0.68 0.76 -0.515202 -0.372388
0.0787064 0.68 0.77 -0.51059 -0.368117
0.0698804 0.68 0.78 -0.505942 -0.363939
0.0611117 0.68 0.79 -0.501282 -0.359829
0.0524324 0.68 0.8 -0.496619 -0.355813
0.120244 0.69 0.4 -0.426395 -0.253361
0.134049 0.69 0.41 -0.418268 -0.247683
0.147388 0.69 0.42 -0.410369 -0.242242
0.160311 0.69 0.43 -0.402679 -0.23701
0.172772 0.69 0.44 -0.395217 -0.23201
0.127895 0.69 0.45 -0.539922 -0.387972
0.117733 0.69 0.46 -0.5368 -0.380933
0.106635 0.69 0.47 -0.532522 -0.374113
0.0949588 0.69 0.48 -0.527479 -0.36748
0.0830289 0.69 0.49 -0.521965 -0.361064
0.0709503 0.69 0.5 -0.516118 -0.354832
0.0612599 0.69 0.51 -0.510032 -0.348772
0.0609244 0.69 0.52 -0.503861 -0.342936
0.0603548 0.69 0.53 -0.497603 -0.337248
0.0595748 0.69 0.54 -0.491313 -0.331738
0.0586509 0.69 0.55 -0.485029 -0.326379
0.0575931 0.69 0.56 -0.478776 -0.321183
0.0564338 0.69 0.57 -0.472575 -0.316141
0.0551997 0.69 0.58 -0.466442 -0.311242
0.0539133 0.69 0.59 -0.460393 -0.30648
0.0525631 0.69 0.6 -0.454425 -0.301862
0.0540908 0.69 0.61 -0.448545 -0.297364
0.0642325 0.69 0.62 -0.442769 -0.292998
0.0741475 0.69 0.63 -0.437099 -0.288754
0.0838558 0.69 0.64 -0.431519 -0.284625
0.0933754 0.69 0.65 -0.426042 -0.280582
0.102622 0.69 0.66 -0.420696 -0.276682
0.111696 0.69 0.67 -0.415439 -0.272865
0.120552 0.69 0.68 -0.410276 -0.269172
0.129205 0.69 0.69 -0.405241 -0.265554
0.139442 0.69 0.7 -0.539143 -0.400299
0.131611 0.69 0.71 -0.536168 -0.395444
0.123255 0.69 0.72 -0.532545 -0.39071
0.114605 0.69 0.73 -0.528545 -0.38606
0.105799 0.69 0.74 -0.524285 -0.381514
0.0969099 0.69 0.75 -0.519858 -0.377052
0.0880062 0.69 0.76 -0.515322 -0.372685
0.0791364 0.69 0.77 -0.510725 -0.368412
0.0703306 0.69 0.78 -0.506099 -0.364231
0.0615572 0.69 0.79 -0.501437 -0.36012
0.0528948 0.69 0.8 -0.496793 -0.356102
0.119523 0.7 0.4 -0.426772 -0.253705
0.133339 0.7 0.41 -0.418652 -0.248009
0.14668 0.7 0.42 -0.410754 -0.242566
0.159592 0.7 0.43 -0.403065 -0.237342
0.172068 0.7 0.44 -0.395598 -0.232334
0.128265 0.7 0.45 -0.539928 -0.388337
0.118139 0.7 0.46 -0.536838 -0.381301
0.107065 0.7 0.47 -0.532586 -0.374479
0.0954511 0.7 0.48 -0.52759 -0.367861
0.0835312 0.7 0.49 -0.52209 -0.361441
0.0714677 0.7 0.5 -0.516265 -0.355203
0.0610689 0.7 0.51 -0.510227 -0.349158
0.0607648 0.7 0.52 -0.504049 -0.343284
0.0602181 0.7 0.53 -0.497816 -0.337598
0.0594418 0.7 0.54 -0.491533 -0.332092
0.0585359 0.7 0.55 -0.485259 -0.326723
0.0574832 0.7 0.56 -0.479018 -0.321534
0.0563513 0.7 0.57 -0.472829 -0.316478
0.0551178 0.7 0.58 -0.466694 -0.311576
0.0538576 0.7 0.59 -0.460667 -0.306809
0.052513 0.7 0.6 -0.454696 -0.302183
0.0534773 0.7 0.61 -0.448835 -0.297688
0.0636318 0.7 0.62 -0.443053 -0.293316
0.073548 0.7 0.63 -0.437384 -0.289068
0.0832672 0.7 0.64 -0.431807 -0.284925
0.0927466 0.7 0.65 -0.426346 -0.280907
0.102025 0.7 0.66 -0.420988 -0.276988
0.111096 0.7 0.67 -0.415731 -0.273173
0.119947 0.7 0.68 -0.410594 -0.269459
0.128621 0.7 0.69 -0.405531 -0.265848
0.139753 0.7 0.7 -0.539162 -0.400591
0.131956 0.7 0.71 -0.536211 -0.395745
0.123606 0.7 0.72 -0.532608 -0.390998
0.114964 0.7 0.73 -0.528618 -0.386346
0.106183 0.7 0.74 -0.524376 -0.381807
0.0973097 0.7 0.75 -0.519966 -0.377343
0.0884131 0.7 0.76 -0.51545 -0.372963
0.0795524 0.7 0.77 -0.510856 -0.368697
0.0707367 0.7 0.78 -0.506229 -0.364508
0.0619876 0.7 0.79 -0.501584 -0.360403
0.0533409 0.7 0.8 -0.496955 -0.356386
0.118817 0.71 0.4 -0.427141 -0.254042
0.132642 0.71 0.41 -0.419026 -0.248331






































































































































































































































































